-0.0443067	0.280316	-0.00162612
0.185339	-0.0426819	-0.00190335
0.254006	-0.118057	-0.000967757
-0.169859	0.713568	0.000568383
0.0164661	-0.0426379	-0.00246889
-0.134448	0.127008	-0.00196952
-0.369349	0.534521	-0.00168873
-0.0665951	0.0741497	-0.00218577
-0.099392	0.0820702	-0.00254709
-0.116727	0.0460005	-0.00259278
-0.0804354	-0.019785	-0.00253998
-0.303052	0.266131	-0.00295785
-0.107431	0.0681868	0.000613791
-0.231842	0.0705172	0.000108864
0.0857675	2.47824	-0.00600364
0.432592	4.33302	-0.015903
0.304384	6.50793	-0.0255217
1.43007	14.5955	-0.0330126
1.86345	20.6726	-0.0320625
2.48162	24.7811	-0.0246918
2.59141	32.2173	-0.0158548
2.84396	40.1138	-0.00505918
3.38065	47.935	0.00414114
4.40527	56.5021	0.0150793
5.42068	64.4039	0.0211352
4.79277	73.3053	0.0259205
4.94318	81.021	0.0313341
4.72412	89.9348	0.0314254
4.70129	97.8733	0.0312539
5.09114	107.463	0.0266061
5.89775	115.901	0.0255858
5.81234	125.315	0.0238245
6.00532	133.295	0.0218332
6.6588	141.795	0.0182538
7.80455	151.268	0.017817
7.49894	160.711	0.0149446
6.8748	170.453	0.0128273
5.30898	181.3	0.011033
2.37854	191.652	0.00980199
-1.30143	204.706	0.00712917
-4.15031	215.745	0.00379828
-6.12787	226.969	0.00319016
-6.10997	235.648	0.00616645
-5.00737	245.644	0.00767269
-4.28197	253.171	0.0110745
-3.09261	263.116	0.0130306
-2.6787	272.778	0.0175113
-2.70524	280.3	0.0262716
-2.93767	289.814	0.0298156
-2.75008	298.104	0.0358444
-2.78278	307.632	0.0358139
-3.06492	316.089	0.0364416
-3.15094	325.762	0.0350431
-3.34239	334.839	0.0358477
-3.54714	344.157	0.0363201
-4.08103	357.005	0.0343848
-4.67557	367.641	0.0348158
-5.42109	376.648	0.0354442
-6.11959	387.773	0.0365293
-6.23364	396.728	0.0386477
-6.72824	407.09	0.0409474
-7.17653	417.937	0.047074
-7.33076	427.494	0.0521559
-7.35374	438.274	0.060811
-7.71132	447.325	0.0708659
-8.44916	457.246	0.0791664
-9.69909	468.43	0.0808511
-9.97585	477.71	0.0743836
-11.2498	492.231	0.0594095
-11.8648	502.296	0.0509498
-12.064	511.568	0.0458427
-12.8047	522.67	0.0360252
-12.2978	531.935	0.0326056
-13.0616	543.303	0.0245447
-12.7317	552.401	0.0220318
-12.9474	564.133	0.0220613
-13.1976	573.324	0.0229759
-13.1692	584.075	0.0281729
-13.5225	591.48	0.030144
-13.9328	599.279	0.0358525
-14.3835	609.711	0.0428115
-14.343	619.033	0.0513794
-16.5511	630.955	0.0565222
-19.1491	642.786	0.0589148
-22.544	656.793	0.0640915
-25.6388	669.559	0.0661144
-28.6081	682.862	0.0685834
-28.4485	692.659	0.0773714
-27.122	704.022	0.0862096
-29.4177	717.445	0.0799062
-33.9711	735.607	0.0638181
-37.6384	749.725	0.0559251
-43.7402	766.782	0.0453479
-49.1448	785.831	0.031835
-50.5375	798.828	0.027112
-51.7312	811.684	0.022372
-51.2823	822.773	0.0219645
-50.6511	833.665	0.0225268
-48.0477	845.453	0.0326979
-46.7904	856.595	0.0410603
-46.58	869.871	0.0488578
-46.769	880.671	0.0593562
-46.8385	892.653	0.074604
-47.4272	902.935	0.0886484
-47.9276	915.158	0.104428
-48.3559	925.06	0.11974
-48.5076	934.548	0.139347
-49.1455	944.759	0.150372
-50.4928	955.188	0.160125
-52.202	964.157	0.165387
-53.2907	974.206	0.17742
-54.6777	983.809	0.179865
-55.6701	992.974	0.18195
-57.5363	1003.83	0.166448
-58.6808	1013.21	0.148389
-59.5477	1023.91	0.127689
-60.3643	1033.48	0.108321
-60.8264	1042.71	0.093822
-61.3514	1053.54	0.0788959
-61.9148	1064.51	0.063172
-62.1437	1076.41	0.0517502
-62.7021	1087.73	0.0461759
-65.0343	1102.31	0.0467613
-69.2218	1116.25	0.045946
-73.2771	1130.17	0.0455667
-76.1655	1142.03	0.0425726
-75.3506	1153.69	0.0429051
-73.4406	1163.09	0.0478015
-71.7982	1176.15	0.0494322
-71.8943	1188.29	0.0456281
-72.2648	1201.55	0.0380154
-72.0072	1212.94	0.0352281
-72.1168	1224.27	0.02775
-72.4021	1237.16	0.0152394
-72.1911	1248.79	0.0046954
-71.9533	1259.79	-0.00458418
-71.4586	1272.43	-0.0149303
-71.0908	1283.29	-0.0212408
-70.3162	1294.76	-0.0253107
-69.3598	1304.18	-0.0178881
-69.014	1315.51	-0.00613073
-68.475	1324.85	0.00283225
-68.1255	1334.01	0.0271356
-67.8489	1345.56	0.0520235
-67.6355	1356.12	0.0757221
-67.5683	1365.84	0.0955655
-66.8703	1378.19	0.113609
-67.7096	1390.77	0.123391
-68.5623	1405.01	0.126306
-69.011	1416.57	0.128306
-70.3219	1429.75	0.124842
-71.0094	1440.37	0.126347
-72.1076	1450.8	0.129448
-72.9411	1462.66	0.135951
-73.5943	1472.25	0.14992
-74.5688	1481.29	0.158723
-75.6397	1491.42	0.185679
-76.7296	1500.05	0.220341
-79.3372	1509.95	0.267889
-81.1954	1517.79	0.307184
-84.3138	1526.91	0.348193
-88.4688	1535.85	0.375891
-93.0704	1543.01	0.393585
-97.8378	1551.3	0.40484
-101.461	1557.86	0.42072
-107.403	1566.27	0.433366
-112.81	1573.78	0.447153
-118.169	1581.14	0.459697
-125.052	1590.04	0.471619
-129.962	1596.49	0.484848
-134.688	1604.3	0.503494
-140.182	1613.05	0.527
-145.711	1620.02	0.548835
-151.934	1628.01	0.580325
-156.921	1634.53	0.606871
-162.609	1641.62	0.636647
-167.508	1647.62	0.660078
-173.156	1654.22	0.690828
-178.877	1659.51	0.722034
-184.066	1665.81	0.761235
-189.105	1670.55	0.795262
-196.114	1676.2	0.835184
-201.114	1680.87	0.867435
-211.204	1685.58	0.901029
-222.445	1690.11	0.923263
-248.493	1694.52	0.963223
-232.001	1699.18	0.972789
-222.016	1701.04	0.99084
-228.216	1704.95	1.01827
-214.916	1707.8	1.03543
-202.568	1712.41	1.05648
-196.666	1715.02	1.07512
-199.036	1718.22	1.10358
-186.026	1721.16	1.13083
-175.953	1725.12	1.17318
-166.58	1726.99	1.20967
-163.821	1729.36	1.24342
-162.401	1731.41	1.27834
-166.002	1732.45	1.30596
-171.313	1734.95	1.33982
-178.169	1736.66	1.36644
-186.981	1738.11	1.39788
-195.569	1738.91	1.42885
-210.518	1737.74	1.46434
-220.306	1736.73	1.49186
-231.431	1735.76	1.51835
-239.708	1735.24	1.53671
-249.412	1734.92	1.55545
-257.291	1735.14	1.57556
-270.219	1733.34	1.59324
-297.709	1727.41	1.61073
-310.814	1725.47	1.63004
-322.768	1724.11	1.64696
-333.649	1721.04	1.65241
-346.166	1718.84	1.66074
-357.51	1717.28	1.66845
-369.135	1716.58	1.67501
-377.353	1716.61	1.67536
-387.35	1717.22	1.67201
-397.056	1717.11	1.67016
-410.981	1713.26	1.6567
-420.4	1711.72	1.64245
-431.312	1710.05	1.63346
-444.178	1707.7	1.62442
-454.85	1706.34	1.62504
-469.482	1701.02	1.62162
-481.589	1696.99	1.62039
-493.466	1693.11	1.61621
-503.983	1690.34	1.61345
-515.898	1688.64	1.60623
-527.17	1687.33	1.60503
-538.6	1687.42	1.60532
-545.628	1688.42	1.60455
-553.494	1689.54	1.60317
-563.377	1690.4	1.60309
-574.055	1690.04	1.59801
-584.53	1689.87	1.59542
-593.485	1689.21	1.58777
-609.629	1686.1	1.5861
-617.16	1685.15	1.58639
-643.484	1680.37	1.58729
-658.768	1677.68	1.58647
-672.578	1675.03	1.58763
-688.962	1673.63	1.59403
-707.637	1672.92	1.59768
-721.353	1672.66	1.59797
-731.312	1671.89	1.59067
-739.388	1672.67	1.59019
-747.662	1672.94	1.58336
-756.548	1673.13	1.57796
-766.296	1673.51	1.57136
-777.509	1672.91	1.56219
-793	1671.45	1.56141
-805.124	1669.77	1.56142
-845.273	1664.46	1.5615
-858.242	1662.42	1.55682
-859.603	1662.21	1.55189
-859.7	1662.03	1.5433
-856.806	1661.28	1.53431
-846.619	1662.93	1.52614
-843.376	1663.85	1.5133
-842.909	1664.79	1.50174
-844.014	1666.3	1.49449
-850.719	1666.98	1.48862
-861.992	1668.75	1.4817
-870.079	1671.02	1.47867
-878.43	1674.16	1.47956
-889.303	1674.43	1.47923
-899.303	1676.29	1.47983
-908.896	1677.51	1.48056
-916.336	1679.37	1.48288
-923.538	1680.64	1.48628
-933.012	1682.76	1.49209
-943.14	1683.98	1.49394
-952.224	1685.82	1.49447
-964.417	1685.76	1.49177
-975.524	1686.12	1.49207
-984.32	1686.67	1.49021
-996.287	1687.78	1.49076
-1007.75	1688.4	1.49112
-1028.17	1688.22	1.49425
-1036.75	1689.56	1.50007
-1053.53	1690.87	1.50998
-1090.66	1695.35	1.52525
-1109.29	1696.19	1.53268
-1127.36	1694.88	1.53244
-1149.97	1693.58	1.52533
-1166.39	1693.42	1.52122
-1181.34	1695.1	1.52149
-1191.31	1695.87	1.51508
-1203.45	1697.75	1.51458
-1214.42	1698.72	1.51104
-1225.78	1699.78	1.50816
-1236.28	1700.8	1.50418
-1251.86	1700.37	1.49572
-1268.4	1699.5	1.48615
-1283.55	1698.91	1.47595
-1299.26	1699.38	1.46804
-1311.2	1699.91	1.46157
-1326.9	1698.7	1.4516
-1342.51	1699.68	1.44897
-1354.13	1701.69	1.45063
-1365.03	1703.97	1.45509
-1374.04	1706.65	1.46291
-1385.79	1708.38	1.47082
-1395.59	1709.46	1.4806
-1406.88	1710.75	1.49194
-1417.87	1711.91	1.50598
-1428.31	1712.9	1.51876
-1441.24	1710.35	1.52331
-1456.11	1708.33	1.53165
-1469.12	1704.28	1.53622
-1482.66	1700.64	1.54301
-1492.32	1698.41	1.5545
-1505.14	1696.65	1.56631
-1515.78	1696.1	1.58485
-1526.97	1694.06	1.61501
-1536.12	1693.01	1.6496
-1545.93	1693.43	1.69971
-1553.52	1692.44	1.75459
-1561.25	1691.8	1.82524
-1568.07	1689.9	1.89343
-1575.51	1687.27	1.9792
-1581.24	1682.45	2.05827
-1587.17	1677.39	2.14562
-1591.8	1673.1	2.2167
-1596.34	1667.12	2.2941
-1600.43	1661.9	2.34882
-1604.53	1657.11	2.40698
-1607.47	1653.76	2.45583
-1610.25	1648.86	2.50577
-1612.5	1643.88	2.54479
-1615.23	1637.33	2.58165
-1617	1630.79	2.60814
-1617.09	1624.03	2.62281
-1618.41	1615.84	2.63937
-1619.02	1606.6	2.65774
-1621.72	1597.16	2.67411
-1625.12	1585.57	2.68474
-1628.36	1575.14	2.69093
-1633.16	1564.07	2.70214
-1638.43	1555.07	2.7137
-1643.97	1543.53	2.72167
-1648.49	1532.6	2.72712
-1653.01	1516.57	2.7281
-1656.2	1502.07	2.72423
-1660.82	1485.25	2.73034
-1662.54	1471.08	2.7273
-1667.31	1456.64	2.72951
-1672.86	1445.73	2.73269
-1678.92	1432.24	2.74244
-1684.58	1421.06	2.7528
-1690.17	1409.56	2.76625
-1694.99	1398.62	2.7784
-1700.41	1385.81	2.78937
-1704.44	1375.58	2.79571
-1709.31	1362.15	2.80681
-1714.04	1351.19	2.82247
-1718.43	1336.93	2.83953
-1722.03	1324.64	2.85572
-1725.98	1309.93	2.87564
-1729.27	1296.76	2.89149
-1733.27	1288.4	2.92047
-1736.06	1280.75	2.94022
-1737.9	1266.87	2.95626
-1738.6	1249.57	2.95973
-1740.2	1239.37	2.97692
-1742.11	1228.19	2.98791
-1744.05	1218.02	2.9989
-1746.42	1205.75	3.00556
-1750.05	1192.44	3.00636
-1752.34	1180.1	3.00298
-1754.66	1168.9	2.99684
-1757.58	1155.86	2.98871
-1759.81	1144.31	2.98348
-1761.9	1132.91	2.97663
-1764.6	1119.54	2.97529
-1767.08	1106.13	2.97727
-1769.24	1092.52	2.99054
-1771.61	1077.96	3.01558
-1773.23	1064.21	3.03933
-1774.63	1048.79	3.06389
-1775.58	1036.84	3.06676
-1777.19	1025.12	3.05482
-1777.76	1012.05	3.03486
-1779.57	998.728	3.01761
-1780.17	983.602	2.99763
-1783.35	970.278	2.9819
-1785.88	958.754	2.97806
-1788.22	944.554	2.97859
-1789.47	930.617	2.98476
-1791	919.704	3.0023
-1795.4	905.455	3.03751
-1797.33	892.801	3.06706
-1798.84	881.04	3.09997
-1799.43	867.721	3.13562
-1800.06	853.531	3.16146
-1799.78	839.254	3.1832
-1799.64	827.48	3.19836
-1798.9	813.963	3.21237
-1798.55	801.181	3.21867
-1797.47	787.506	3.21984
-1797.01	775.776	3.22175
-1796.33	761.876	3.21624
-1796.2	749.943	3.20833
-1796.66	738.669	3.18971
-1795.94	726.813	3.1692
-1792.85	707.479	3.14215
-1790.23	695.054	3.12372
-1789.75	681.558	3.10818
-1790.94	671.466	3.10227
-1794.14	660.175	3.10366
-1796.45	647.531	3.11392
-1797.31	631.686	3.13058
-1798.61	619.744	3.14408
-1799.23	608.582	3.15272
-1799.43	595.67	3.15977
-1799.31	584.89	3.1708
-1799.93	571.63	3.17813
-1799.63	559.47	3.18448
-1799.62	546.328	3.18554
-1799.81	534.43	3.18468
-1799.59	522.28	3.18096
-1798.96	508.668	3.17316
-1798.2	496.614	3.16708
-1797.79	482.337	3.16009
-1797.64	468.646	3.14679
-1797.83	455.61	3.13371
-1798.32	441.28	3.11631
-1798.1	428.179	3.10709
-1798.53	414.526	3.10441
-1799.02	401.071	3.09758
-1800.23	387.944	3.09342
-1801.28	374.274	3.09474
-1802.11	361.689	3.10027
-1802.4	348.555	3.10417
-1802.76	336.906	3.10871
-1802.85	324.133	3.10746
-1803.5	312.55	3.10789
-1805.14	297.821	3.10734
-1805.64	285.171	3.10553
-1807.04	270.866	3.10508
-1807.62	258.842	3.10693
-1806.39	243.692	3.10477
-1804.73	229.855	3.09733
-1802.24	213.704	3.08681
-1800.87	199.764	3.0732
-1802.1	185.264	3.06222
-1804.13	173.75	3.06121
-1807.39	161.111	3.06323
-1808.94	149.884	3.05933
-1810.91	136.973	3.05793
-1812.01	124.07	3.05807
-1813.9	110.912	3.0734
-1815.35	98.4632	3.09574
-1816.4	83.4787	3.1226
-1817	70.6746	3.13978
-1816.98	56.3338	3.15585
-1817.85	44.3857	3.17169
-1817.67	31.8327	3.18486
-1817.25	18.3584	3.20493
-1816.63	4.78297	3.23139
-1815.72	-7.00914	3.25424
-1814.48	-19.5307	3.28106
-1813.74	-30.016	3.29733
-1812.28	-41.7213	3.31569
-1810.67	-52.4474	3.33573
-1808.87	-63.1093	3.36317
-1806.11	-75.0808	3.40093
-1801.09	-86.575	3.43702
-1798.38	-98.1198	3.48478
-1795.59	-107.769	3.52645
-1789.06	-119.046	3.56446
-1781.64	-128.742	3.59924
-1771.66	-140.008	3.6397
-1761.48	-149.786	3.68144
-1747.77	-160.803	3.72738
-1737.3	-169.772	3.76647
-1724.4	-179.674	3.80405
-1712.31	-189.313	3.83378
-1699.34	-198.02	3.86066
-1689.06	-205.91	3.88895
-1676.38	-215.479	3.92903
-1647.59	-227.854	3.97884
-1652.1	-231.493	4.02014
-1690.76	-224.438	3.97057
-1695.9	-227.495	4.01854
-1698.96	-230.402	4.06669
-1703.75	-234.441	4.12743
-1713.06	-237.08	4.1827
-1733.97	-239.01	4.2468
-1748.93	-240.073	4.29978
-1764.83	-239.617	4.35436
-1766.45	-241.273	4.40446
-1797.84	-236.073	4.45972
-1791.47	-237.1	4.50571
-1791.27	-236.927	4.56286
-1782.93	-237.1	4.60277
-1763.23	-238.575	4.62045
-1734.78	-241.987	4.62089
-1712.94	-243.448	4.62234
-1684.06	-245.707	4.62179
-1674.09	-245.812	4.62762
-1723.17	-242.579	4.63389
-1767.53	-238.1	4.6396
-1769.39	-237.328	4.64127
-1748.56	-237.827	4.63989
-1732.94	-238.131	4.63342
-1718.89	-238.411	4.62591
-1716.79	-238.12	4.61837
-1700.23	-238.69	4.60981
-1691.98	-239.041	4.60417
-1687.5	-239.102	4.59733
-1681.4	-239.272	4.58792
-1661.61	-240.659	4.57836
-1647.5	-241.781	4.56964
-1627.57	-243.639	4.56751
-1606.41	-245.626	4.56734
-1572.84	-248.6	4.56839
-1566.29	-249.238	4.57563
-1552.56	-250.382	4.58208
-1544.23	-251.075	4.5836
-1533.66	-252.038	4.58417
-1533.15	-251.813	4.5844
-1506.69	-254.131	4.58451
-1491.96	-255.562	4.58456
-1468.82	-257.554	4.58354
-1438.22	-261.947	4.57978
-1419.6	-263.369	4.5715
-1400.87	-266.341	4.5704
-1383.96	-268.751	4.56945
-1296.77	-272.35	4.5486
-1235.92	-276.557	4.54257
-1217.13	-278.7	4.53404
-1201.02	-278.785	4.52092
-1187.45	-281.267	4.50395
-1173.25	-284.622	4.49603
-1161.04	-289.318	4.49597
-1150.55	-293.73	4.49847
-1138.04	-297.755	4.50981
-1123.03	-301.154	4.52135
-1108.09	-303.601	4.53073
-1087.95	-306.859	4.54107
-1071.48	-309.454	4.55814
-1034.55	-311.586	4.5662
-1017.03	-311.319	4.57171
-994.013	-312.007	4.5734
-973.391	-313.708	4.57424
-954.871	-315.345	4.57443
-942.677	-316.009	4.57206
-922.337	-317.774	4.57126
-907.175	-319.374	4.57594
-890.124	-320.809	4.57503
-875.539	-322.175	4.58248
-855.874	-324.243	4.59069
-841.595	-325.74	4.5988
-823.699	-327.069	4.60408
-811.435	-327.903	4.61032
-794.6	-329.584	4.6056
-775.919	-331.585	4.59269
-758.326	-333.779	4.56574
-741.213	-336.174	4.53887
-722.77	-339.604	4.50324
-708.999	-342.253	4.47662
-693.455	-345.601	4.46833
-672.951	-350.129	4.46768
-652.156	-354.579	4.46931
-638.89	-357.294	4.47014
-618.597	-361.579	4.46813
-606.61	-364.298	4.46425
-586.56	-368.858	4.45725
-576.108	-371.563	4.45825
-557.645	-375.814	4.45814
-545.723	-378.502	4.45807
-522.18	-383.654	4.45425
-505.371	-387.555	4.4468
-484.25	-392.612	4.4383
-471.686	-395.569	4.43813
-447.701	-401.16	4.43908
-431.525	-404.812	4.44107
-412.827	-409.169	4.44182
-401.125	-411.905	4.43836
-380.108	-416.762	4.43197
-364.649	-420.456	4.43213
-348.525	-424.357	4.43369
-319.884	-431.105	4.43529
-304.29	-434.406	4.43631
-283.38	-439.089	4.42921
-266.553	-442.771	4.42505
-250.129	-446.648	4.42453
-234.63	-450.09	4.42555
-219.915	-453.298	4.43367
-201.14	-457.047	4.44989
-183.343	-460.219	4.46778
-170.603	-462.754	4.48928
-154.485	-465.2	4.51389
-141.141	-467.171	4.53588
-125.883	-468.184	4.56552
-108.785	-466.299	4.58214
-94.6332	-465.642	4.61518
-82.5144	-465.281	4.64685
-69.3539	-465.155	4.68713
-59.3364	-463.44	4.72664
-47.2279	-461.189	4.77898
-35.9796	-458.857	4.8354
-26.005	-455.69	4.89299
-14.791	-451.256	4.96519
-5.77193	-446.881	5.02499
3.79824	-441.811	5.0942
13.1937	-435.839	5.15315
21.2632	-430.145	5.20845
29.2808	-423.565	5.27398
37.5809	-415.08	5.33889
45.2268	-407.045	5.41488
50.0494	-400.618	5.47999
55.7624	-392.687	5.55303
59.747	-384.742	5.61576
64.4812	-375.591	5.6858
67.1368	-367.371	5.74199
70.3559	-358.564	5.80117
72.9339	-350.347	5.85229
75.2409	-340.826	5.90123
76.7041	-333.813	5.93564
78.5688	-326.139	5.96191
79.1392	-319.581	5.98487
80.0468	-313.358	6.0181
80.3124	-308.951	6.03454
81.2983	-304.442	6.04538
81.7261	-301.475	6.04869
82.9832	-297.701	6.05259
83.7929	-294.406	6.05109
85.3982	-290.84	6.04309
86.7106	-288.183	6.04076
88.027	-285.061	6.03425
89.7126	-282.148	6.02796
90.795	-279.799	6.01933
92.0296	-275.752	6.01865
93.5038	-272.452	6.01303
93.948	-269.863	6.00936
94.7196	-268.264	6.01097
95.1634	-266.332	6.00748
95.2455	-264.62	6.00369
95.4958	-263.676	6.00381
96.1218	-262.89	6.00078
95.7654	-263.559	6.00442
95.1573	-264.069	6.00508
95.538	-263.888	6.00508
95.268	-264.036	6.00509
95.0197	-264.192	6.00413
95.0796	-264.183	6.00414
94.9985	-264.242	6.00394
95.0698	-264.24	6.00408
95.3263	-263.824	6.00241
95.2365	-264.361	6.00408
95.3072	-263.899	6.00265
94.924	-264.527	6.00176
95.0514	-264.649	6.00143
95.1181	-264.761	6.00153
94.728	-265.058	6.00623
95.1957	-264.79	6.00153
95.1027	-264.703	6.00146
95.1903	-264.842	6.00173
95.2877	-264.69	6.00118
95.3646	-264.483	6.00495
95.1641	-264.643	6.00082
95.2949	-264.565	6.00216
95.2294	-264.726	6.00166
95.3471	-264.59	6.00228
95.4728	-264.667	6.00455
95.284	-264.521	6.00229
95.1826	-264.613	6.00047
95.3847	-264.572	6.00522
95.2258	-264.476	6.0041
95.3082	-264.71	6.00218
95.1267	-264.523	6.00215
95.2145	-264.742	6.00048
95.2428	-264.357	6.00517
