-0.0137162	0.0453031	-0.00204513
-0.0402246	0.264289	-0.00141616
0.00494872	0.32998	0.0012189
-0.0998569	0.54987	0.000741658
-0.0506019	0.711867	0.00313658
-0.0979843	1.04966	0.0031889
-0.0683201	1.2382	0.00354835
-0.0802137	1.25961	0.003736
-0.099385	0.94181	0.00303794
-0.0853951	0.854185	0.00292553
0.00249668	0.865266	0.00345363
-0.00716504	0.460492	0.00259662
0.0248044	0.80039	0.003101
-0.0357788	1.00209	0.00332564
-0.133215	1.02544	0.00290418
-0.0517652	0.869475	0.00307497
-0.170198	1.23569	0.00402454
0.0427348	0.984932	0.00830906
-0.0711398	0.942275	0.00809275
-0.063318	1.33091	0.00860867
-0.0774608	0.990692	0.00473293
-0.111742	1.15047	0.00488383
0.0132214	0.768207	0.00490401
-0.133751	1.46334	0.0057457
-0.280316	1.02636	0.00480545
-0.00321325	1.21304	0.00532981
-0.172906	1.68081	0.00632309
-0.434132	2.0985	0.0050409
-0.488742	1.84719	0.0042322
-0.224738	2.04288	0.00534759
-0.324904	2.3095	0.00527875
-0.463613	2.43126	0.00553742
-0.468986	2.42046	0.0055218
-0.353889	2.78662	0.00519376
-0.428694	1.23596	0.00250009
-0.453823	1.80106	0.00219025
-0.399306	1.35285	0.00208271
-0.594801	1.13361	-0.000569171
-0.294173	1.9456	0.00223383
-0.380277	1.30276	-0.000499424
-0.420182	1.3768	-0.000656433
-0.418705	1.1823	-0.000685665
-0.418705	1.1823	-0.000685665
-0.133264	0.474376	-0.00333501
-0.287285	0.595447	-0.00384449
-0.217367	1.01538	-0.00103219
-0.34642	0.975324	0.000856868
-0.191074	1.51774	-0.000287245
-0.167304	1.43304	-0.000595444
-0.436627	0.421979	-0.00582421
-0.475491	0.873767	-0.00709331
-0.264799	0.55587	-0.00574587
-0.286564	0.894237	-0.00586226
-0.391491	0.953636	-0.00616172
-0.538946	0.9501	-0.00622318
-0.163697	2.52433	0.00416221
-0.201707	2.09822	0.00302578
-0.477457	1.88005	0.000534527
0.149311	1.06073	0.00141689
0.131642	0.605479	0.000934456
0.0863676	0.772329	0.000510272
-0.155716	0.763847	-0.00676232
0.444573	0.12951	-0.00676798
0.503089	0.530554	-0.0064576
0.0784276	0.273347	-0.00774154
0.248588	0.440521	-0.00957032
0.793125	0.445416	-0.00998806
0.505058	0.997756	-0.0111259
0.0839811	1.53634	-0.00972135
0.213126	1.94112	-0.00974686
0.573539	2.76833	-0.0114887
0.230817	4.04579	-0.0146563
0.387281	3.82462	-0.0153379
0.762419	2.31111	-0.0192062
0.509149	2.95371	-0.0206542
0.12389	3.51829	-0.0237816
0.105645	4.22613	-0.0215979
0.706336	4.32009	-0.0214473
0.382351	5.0806	-0.0203235
0.570627	5.15702	-0.0223826
0.377946	4.15717	-0.0229564
-0.0752406	4.41835	-0.0243724
0.268277	6.67766	-0.0209905
-0.249732	6.29408	-0.0226997
-0.220454	8.28908	-0.0137565
-0.302961	8.18425	-0.0158587
-0.302941	8.65835	-0.0132437
-0.0318813	8.7857	-0.00607889
0.0326469	9.31656	-0.00326825
-0.138326	9.89233	0.000432005
-0.318884	11.0032	0.00486715
-0.279351	11.2334	0.00506975
-0.345611	11.8156	0.00690729
0.0360203	12.2264	0.0131319
-0.225421	12.2534	0.0117009
-0.120626	13.5976	0.0155618
0.177283	14.3814	0.0195306
-0.188588	14.3924	0.0153488
-0.352146	15.1699	0.0144189
-0.575943	15.3367	0.00788761
-0.347288	16.1713	0.00785245
-0.196982	17.7122	0.00692122
-0.109641	18.3611	-0.000378244
-0.33885	19.1857	-0.000838507
-0.208301	19.296	-0.0047651
-0.227728	20.8462	-0.00625258
-0.496538	22.8749	-0.0100224
-0.532189	22.9813	-0.0104044
-1.06525	23.7864	-0.0180798
-0.857586	25.3716	-0.0206261
-0.986655	27.2056	-0.021893
-0.909261	27.9838	-0.0226857
-1.47251	28.8874	-0.0237248
-1.07171	29.9672	-0.0229833
-0.951765	31.0645	-0.0222247
-1.1325	32.0312	-0.0226418
-0.753213	33.6538	-0.0219881
-1.24095	34.4192	-0.0220463
-1.10445	35.6867	-0.0210834
-1.08967	37.2726	-0.0212424
-1.0532	39.2245	-0.0197967
-1.15127	39.6001	-0.0197178
-1.4859	53.3353	-0.00671692
-1.73077	54.6562	-0.00526659
-1.53261	56.5216	-0.00286089
-1.4936	56.9354	0.00128251
-1.82867	57.8408	0.00204643
-2.02352	59.5243	0.00210813
-2.11605	61.0065	0.00400091
-2.33992	62.321	0.0053462
-2.78702	63.4137	0.00557689
-2.95444	64.4233	0.00680158
-2.44053	66.0252	0.00877599
-2.73146	67.2196	0.00955947
-3.16132	68.4319	0.0106147
-3.08038	69.6671	0.0108689
-3.20784	71.087	0.0115256
-3.1159	72.6295	0.0122895
-3.29554	74.1844	0.0126698
-3.29743	75.5201	0.0126613
-3.20394	76.7332	0.0130895
-2.93417	78.1466	0.0140021
-3.43328	79.5828	0.0153741
-2.95638	81.3066	0.0176782
-3.24052	82.5258	0.0172538
-2.55595	84.412	0.0179835
-2.71585	86.0367	0.018223
-2.79972	87.9543	0.0195375
-2.86249	89.0386	0.0195589
-3.30593	90.3841	0.0191621
-3.37547	91.7631	0.0195394
-3.26021	93.5389	0.0199777
-2.84692	95.154	0.0224557
-3.48365	96.6212	0.0211452
-3.33842	97.8222	0.0220491
-3.70896	99.126	0.0222586
-4.05358	100.744	0.0206683
-4.12707	102.067	0.0227141
-4.36444	103.046	0.0209442
-4.60954	104.787	0.0205234
-4.73339	105.866	0.0199839
-4.91004	107.307	0.0193319
-5.00596	108.788	0.018615
-5.34667	110.72	0.0165954
-5.2068	111.933	0.0126585
-5.54815	113.614	0.0118912
-5.57323	114.497	0.0105381
-6.09162	115.972	0.00951055
-5.8632	117.182	0.0102833
-6.28777	118.337	0.00915861
-6.37735	119.917	0.00830391
-6.42998	120.99	0.00650029
-6.75121	122.072	0.00603184
-6.55772	122.992	0.00801999
-7.12835	124.306	0.00521634
-7.23871	125.352	0.00387105
-7.49647	125.926	0.00276372
-7.66129	127.54	0.00185217
-7.72137	128.651	0.00117391
-7.63969	129.566	-0.00103478
-8.20386	130.626	-0.0039267
-8.0568	131.444	-0.00508511
-8.31807	132.961	-0.0055232
-8.58748	133.794	-0.00780328
-8.96173	135.054	-0.00973035
-9.16923	135.693	-0.0119163
-9.22674	135.198	-0.0127109
-9.68392	135.966	-0.0132392
-9.44418	137.165	-0.0142407
-9.80651	136.131	-0.0212188
-10.2423	136.907	-0.0211193
-10.3799	135.578	-0.0265138
-10.8187	136.029	-0.0317235
-10.9695	134.56	-0.0336174
-11.0195	135.738	-0.0340538
-10.8053	136.432	-0.0326669
-10.5704	135.135	-0.0417251
-10.069	139.072	-0.0419978
-10.7489	138.612	-0.0444731
-11.2156	138.239	-0.0472126
-11.5237	138.583	-0.0521578
-11.3505	136.703	-0.0533523
-11.2853	136.772	-0.0516586
-11.6722	135.016	-0.0544449
-11.4386	134.961	-0.0540934
-11.643	133.236	-0.0582345
-11.9288	126.223	-0.0596577
-12.0618	120.745	-0.0594943
-11.7436	121.75	-0.059128
-12.119	120.457	-0.0598696
-11.6069	120.126	-0.0625778
-11.5637	119.912	-0.0639837
-11.6228	120.421	-0.0655513
-11.6863	120.662	-0.0677811
-11.7279	122.183	-0.0688367
-11.7279	122.183	-0.0688367
-11.0516	122.044	-0.0679611
-10.8682	124.758	-0.0692849
-10.8204	124.874	-0.0691762
-10.8204	124.874	-0.0691762
-10.2377	125.92	-0.0702579
-10.033	126.499	-0.0734592
-9.85906	125.503	-0.0694261
-9.85906	125.503	-0.0694261
-9.75316	127.211	-0.0682749
-9.99078	125.791	-0.0695278
-9.70835	126.015	-0.0680373
-9.14764	126.154	-0.0677891
-9.85968	123.445	-0.0707701
-10.0073	124.179	-0.0700795
-10.1684	124.298	-0.0731751
-9.8996	126.253	-0.0710922
-9.90813	127.64	-0.0705128
-10.4233	127.856	-0.072669
-10.1654	129.814	-0.0700485
-9.77245	131.685	-0.0690085
-9.76314	131.652	-0.0703475
-9.78738	132.712	-0.0694589
-9.93378	133.91	-0.0690659
-9.28725	135.74	-0.0680457
-9.14455	136.93	-0.0684489
-8.90312	138.596	-0.066971
-8.22355	139.447	-0.0656503
-8.46033	140.562	-0.0673452
-7.87406	141.979	-0.0658323
-8.33651	142.909	-0.0650096
-7.91914	144.297	-0.064712
-7.92668	145.639	-0.0627802
-7.92323	146.968	-0.0630048
-8.0378	148.181	-0.063522
-7.60734	149.896	-0.0629197
-7.26581	151.378	-0.0603726
-8.04314	151.892	-0.0626836
-7.67181	153.691	-0.059297
-8.08371	154.739	-0.0592818
-7.96059	156.42	-0.0583042
-8.83316	156.965	-0.0556934
-8.6965	158.157	-0.0520372
-9.30249	161.164	-0.0526082
-9.31192	161.182	-0.0510577
-9.04763	162.517	-0.0521387
-10.1246	162.88	-0.0475434
-9.73963	165.163	-0.0474588
-9.61403	166.505	-0.0462435
-10.3933	167.644	-0.0460586
-9.75983	169.317	-0.0431151
-10.8574	170.36	-0.0425715
-10.5708	171.855	-0.0400928
-10.885	173.017	-0.0387674
-11.8992	174.476	-0.0395227
-11.4694	175.039	-0.0339557
-11.8776	176.462	-0.0325027
-12.1041	178.135	-0.0307651
-12.8346	179.384	-0.0320845
-12.3615	181.053	-0.0299995
-13.427	181.596	-0.0281811
-12.864	182.793	-0.0249168
-12.5682	184.413	-0.0237142
-13.2045	185.194	-0.0243826
-13.0557	186.753	-0.0212257
-13.7714	187.812	-0.0227238
-14.0918	189.393	-0.022025
-14.2283	190.469	-0.0213501
-14.7881	191.407	-0.0213771
-14.9422	192.613	-0.0186039
-15.4418	193.308	-0.0178596
-15.1689	195.171	-0.0166485
-14.6609	196.633	-0.0133363
-15.5823	197.483	-0.0136194
-15.4982	199.048	-0.0120356
-16.1923	199.019	-0.0107406
-15.8164	200.147	-0.00714103
-16.065	201.775	-0.00583797
-15.5866	203.033	-0.0032387
-16.1887	203.91	-0.00177872
-16.0723	204.932	-0.0027562
-15.7425	206.194	-0.000921162
-15.9036	207.586	-0.00111777
-16.6206	209.103	-0.0016715
-16.7889	209.83	-0.00349676
-17.2856	211.013	-0.00466585
-17.258	212.508	-0.00363868
-16.9838	214.812	-0.00957164
-17.053	216.058	-0.0100355
-16.7533	216.508	-0.00960141
-17.2348	218.943	-0.018346
-17.2893	219.953	-0.0179266
-17.3017	220.841	-0.0188051
-17.4808	222.274	-0.0199391
-17.6173	223.178	-0.0261821
-17.9105	224.742	-0.0281968
-18.264	226.373	-0.0276055
-17.9315	226.838	-0.0296692
-17.7999	227.735	-0.0314174
-18.292	229.558	-0.0362799
-18.5523	231.239	-0.0381547
-18.7116	232.072	-0.0389367
-19.0752	234.152	-0.0413157
-19.0496	235.331	-0.0398313
-18.7065	235.751	-0.0394109
-18.5553	236.068	-0.0396348
-19.1076	238.694	-0.0398467
-18.9578	238.841	-0.0374841
-18.9138	239.552	-0.0403291
-19.5629	242.697	-0.0405248
-19.0599	241.375	-0.039729
-19.4123	243.78	-0.0401476
-19.6677	243.665	-0.0377674
-19.7283	245.335	-0.0369959
-20.0146	247.097	-0.0371246
-19.6415	247.646	-0.0364533
-19.9979	249.041	-0.0364307
-20.0268	249.859	-0.0356
-20.2989	251.794	-0.0337772
-20.117	252.41	-0.0355294
-20.5803	254.487	-0.0326788
-20.4569	255.683	-0.0335372
-21.0068	256.405	-0.0330196
-21.2262	256.892	-0.0322921
-21.4858	258.177	-0.0344028
-21.4006	259.125	-0.0312701
-21.8421	259.991	-0.0335211
-21.6556	261.723	-0.0303055
-21.6989	263.173	-0.0266207
-21.7258	264.255	-0.0253007
-21.7898	265.776	-0.0250283
-22.0087	267.434	-0.0205884
-22.0432	268.453	-0.0166193
-22.4474	269.888	-0.0169753
-22.445	271.042	-0.0133247
-22.4108	271.911	-0.00780797
-22.5671	273.259	-0.00782443
-22.9492	274.544	-0.00639701
-22.9929	275.868	-0.00106311
-22.9818	276.956	0.000402514
-23.2285	277.756	0.00202088
-23.3829	279.129	0.00319645
-23.136	280.386	0.00880344
-23.5464	281.794	0.00792051
-23.8774	283.531	0.00911623
-23.6559	285.105	0.00878791
-23.7955	286.246	0.00898524
-23.8455	287.353	0.00975253
-24.0769	288.68	0.0096678
-23.7321	289.779	0.0112434
-23.8004	291.069	0.0116151
-23.6237	292.157	0.011216
-23.65	293.239	0.0114485
-23.74	294.421	0.0110142
-23.8047	295.951	0.00968556
-23.8283	297.129	0.00806875
-23.8645	298.262	0.00696024
-23.7474	299.32	0.00609787
-23.9376	300.796	0.00380467
-23.8016	302.018	0.00263056
-23.6373	303.316	0.00328908
-24.0915	304.465	-0.0021387
-23.9404	305.864	-0.00220725
-23.9887	307.171	-0.00288757
-24.0799	308.447	-0.00370259
-24.0494	309.845	-0.0035632
-23.6273	310.946	-0.00389363
-23.7462	312.454	-0.00397678
-24.0848	313.678	-0.00398874
-24.0187	315.236	-0.00309666
-23.9865	316.407	-0.00414503
-24.2815	317.842	-0.0049487
-24.314	319.13	-0.00210862
-24.2709	320.481	0.00217485
-24.4262	322.075	0.00227049
-24.6697	323.562	0.00280565
-24.7456	324.925	0.00425651
-24.66	326.087	0.00552206
-24.7229	327.576	0.00646867
-24.8942	328.877	0.00677609
-25.0086	330.41	0.00610309
-24.9948	331.998	0.00671355
-25.0314	333.465	0.00736677
-25.0227	334.529	0.00626379
-24.9857	337.744	0.00782618
-24.9953	337.769	0.00926587
-25.085	339.375	0.0081114
-25.007	340.936	0.00761783
-24.9343	342.613	0.00734609
-24.9677	344.035	0.00782484
-24.7972	345.585	0.00759575
-24.8816	347.253	0.00648671
-24.887	348.67	0.00546861
-24.5117	350.221	0.00658807
-25.0033	351.812	0.00205521
-24.8165	353.27	0.000564721
-24.5718	354.479	0.00233877
-24.5147	356.083	0.000557816
-24.5916	357.685	-0.00248289
-24.3842	359.233	-0.00186953
-24.3362	360.837	-0.00250056
-24.3411	362.78	-0.00498208
-24.2036	364.47	-0.00421947
-23.9337	365.861	-0.00533426
-23.8251	367.705	-0.0060415
-23.9951	369.172	-0.00739768
-24.0469	370.855	-0.00702688
-23.5851	372.627	-0.00732844
-23.6302	374.093	-0.00868197
-23.7434	375.78	-0.0093691
-23.858	377.111	-0.00997398
-23.587	379.039	-0.0103883
-23.4741	380.342	-0.0121695
-23.3854	382.125	-0.0144203
-23.6291	383.603	-0.0169027
-23.5464	384.88	-0.0157443
-23.3746	387.206	-0.0130718
-23.56	388.545	-0.0124185
-23.7443	389.661	-0.0124821
-23.8495	391.432	-0.0133788
-23.7927	392.64	-0.0144139
-23.7453	394.157	-0.0136601
-23.8102	395.686	-0.0139207
-23.7537	396.838	-0.0132686
-24.0559	397.99	-0.0134694
-23.8094	399.47	-0.0100902
-23.9091	400.384	-0.0100764
-24.2632	401.774	-0.00597082
-24.3997	402.655	-0.00481387
-24.2605	404.467	-0.00330647
-24.483	405.503	-0.00233195
-24.9085	406.247	-0.00493505
-24.9747	408.228	-0.00494755
-25.1926	408.827	-0.00327807
-25.6264	410.047	-0.00339394
-26.0442	411.081	-0.00537364
-25.8776	412.323	-0.00464805
-26.5276	413.134	-0.00409888
-26.4943	414.423	-0.00412498
-26.5419	415.963	-0.00368623
-26.7341	417.633	-0.00450626
-27.1656	419.288	-0.00628561
-26.8338	420.713	-0.0053904
-26.4668	422.101	-0.00574619
-26.7433	424.013	-0.00652907
-26.7778	424.731	-0.00688019
-26.9093	425.445	-0.00886888
-26.5556	427.016	-0.00795252
-27.0473	428.105	-0.00659289
-27.193	429.718	-0.00732478
-26.8833	431.17	-0.00797368
-26.89	432.148	-0.00976177
-26.638	433.922	-0.0106958
-26.6319	434.978	-0.0114845
-26.1117	436.513	-0.0122296
-25.9461	438.184	-0.0135507
-25.8096	440.066	-0.0169039
-25.9849	441.683	-0.0206003
-25.9052	443.434	-0.0227013
-25.7217	444.903	-0.023694
-26.1653	446.547	-0.0294473
-25.8167	447.988	-0.0298998
-25.7582	449.727	-0.0317061
-26.2532	451.155	-0.0384282
-25.9757	452.8	-0.0389004
-26.1331	454.563	-0.0453073
-25.7814	456.306	-0.046979
-25.7035	458.119	-0.0507534
-25.9471	459.556	-0.0556815
-25.6661	460.996	-0.0569211
-25.7935	462.479	-0.05823
-25.8227	464.408	-0.0611553
-25.693	466.294	-0.0649822
-25.3136	467.698	-0.0651283
-25.4915	468.456	-0.0659989
-25.3715	470.686	-0.0716896
-24.8878	472.66	-0.0732989
-24.8878	472.66	-0.0732989
-24.801	476.019	-0.0789194
-24.6793	477.287	-0.0796038
-24.5582	478.879	-0.0844953
-24.5016	480.999	-0.0872727
-24.3425	483.114	-0.0876421
-24.4011	484.921	-0.0891507
-24.6405	486.637	-0.0950681
-24.6658	488.186	-0.096135
-24.4505	490.15	-0.097779
-24.4989	491.643	-0.100629
-24.3	492.86	-0.100039
-24.0783	494.882	-0.10079
-23.9563	496.803	-0.101844
-24.0264	498.519	-0.101745
-23.6536	499.505	-0.100995
-23.4547	501.116	-0.102109
-23.1938	502.434	-0.101259
-23.0121	504.486	-0.101667
-22.8901	506.032	-0.100299
-22.5315	507.496	-0.10121
-22.6793	509.433	-0.101599
-22.5527	511.493	-0.103532
-21.934	512.755	-0.101689
-21.7216	514.354	-0.100763
-21.6072	515.946	-0.101753
-21.7261	517.877	-0.105685
-21.6727	519.091	-0.106404
-21.6209	520.83	-0.108702
-21.2888	522.769	-0.108682
-21.1299	524.07	-0.109048
-20.9016	525.558	-0.109871
-20.9741	527.098	-0.109892
-20.79	528.583	-0.110585
-20.5954	529.471	-0.109352
-20.9168	530.519	-0.112397
-20.375	532.061	-0.110932
-20.0494	533.36	-0.111145
-20.178	533.299	-0.112194
-20.1621	534.639	-0.111163
-19.7424	535.437	-0.109496
-19.5632	535.442	-0.109184
-19.4877	535.488	-0.106558
-19.132	534.251	-0.0985052
-19.2245	531.974	-0.0997724
-19.0275	531.236	-0.0987449
-18.7248	531.195	-0.092883
-18.708	532.283	-0.0886282
-18.1547	532.348	-0.0829468
-18.1413	531.781	-0.0752527
-17.6944	530.997	-0.0742282
-17.6676	532.296	-0.0653292
-17.2269	531.259	-0.0629834
-17.171	530.951	-0.0610439
-16.8451	531.073	-0.052269
-16.6631	530.855	-0.0505701
-16.7157	530.931	-0.0480062
-16.4924	532.544	-0.0407715
-16.1701	534.306	-0.0348008
-16.6065	533.868	-0.0313661
-16.6461	534.701	-0.0237624
-17.0228	534.523	-0.0248254
-17.3923	534.59	-0.0203179
-17.0518	535.968	-0.0177538
-17.1656	536.607	-0.0143127
-17.9318	536.112	-0.0110709
-17.883	537.317	-0.00765114
-17.7712	538.806	-0.00655429
-18.5729	538.492	-0.00663715
-18.4934	540.023	-0.00180355
-18.1334	541.945	-5.53357e-05
-18.3938	542.517	-0.00121094
-17.974	543.655	0.00352659
-18.404	545.393	0.00392492
-17.763	547.059	0.00789686
-17.8639	548.504	0.00817213
-17.8903	549.294	0.0116501
-18.1429	550.591	0.011449
-17.7414	552.184	0.0124293
-18.1816	553.29	0.0105838
-17.4005	554.956	0.0121601
-16.9799	556.25	0.0121856
-16.928	557.331	0.0116993
-16.9676	558.617	0.0112729
-17.0657	559.979	0.0106895
-16.836	561.141	0.0103461
-17.0053	562.506	0.00965013
-16.7991	563.956	0.00999042
-16.5074	565.341	0.0108271
-16.8334	566.29	0.0106986
-16.8816	567.566	0.0107386
-17.1751	569.054	0.0112208
-17.3232	569.919	0.0111532
-17.6217	570.988	0.0119407
-17.6967	572.424	0.0146329
-17.3131	573.804	0.0190439
-17.8782	575.003	0.0186403
-17.758	576.24	0.0224452
-17.4934	577.25	0.0240253
-17.4362	578.516	0.0247948
-17.4964	580.017	0.0255641
-17.0786	581.337	0.0283199
-17.1375	582.274	0.0303098
-16.8789	583.506	0.0332987
-17.016	584.886	0.0337364
-17.3344	586.127	0.0329684
-17.0492	587.591	0.0349135
-17.0305	588.697	0.037972
-17.7156	590	0.0368403
-17.5129	591.201	0.0372821
-17.5354	592.522	0.0387343
-17.7815	593.947	0.0379602
-17.8699	595.294	0.039266
-17.7039	596.564	0.0405535
-17.8472	597.796	0.0414773
-17.878	599.065	0.043215
-17.4917	600.414	0.0442577
-17.6729	601.767	0.0436939
-17.6897	603.225	0.0440623
-17.8567	604.508	0.043703
-17.7774	605.748	0.0427714
-17.7929	607.181	0.04256
-17.7746	608.507	0.0437632
-17.8398	610.117	0.0434596
-17.4181	611.263	0.0444032
-17.8352	612.929	0.0461086
-17.9438	614.198	0.0454745
-17.7717	615.567	0.046951
-18.0547	617.192	0.0463049
-18.204	618.52	0.0456904
-17.9312	619.818	0.0473626
-17.9957	621.221	0.0470665
-18.287	622.995	0.0473239
-18.4336	624.432	0.0488505
-18.551	625.805	0.0488284
-18.5874	627.396	0.0497672
-18.9545	628.856	0.0484907
-19.239	629.964	0.048661
-19.2718	631.416	0.0475153
-19.5324	633.045	0.0456834
-19.8456	634.269	0.0451832
-20.1563	635.721	0.0451224
-20.1512	637.25	0.0460372
-20.3253	638.623	0.0484972
-20.3784	640.227	0.0482115
-20.5662	640.673	0.0488746
-20.6284	642.966	0.0470763
-20.5596	644.023	0.0479382
-20.8472	646.101	0.0526125
-20.8811	647.244	0.0522133
-21.1985	648.672	0.0514762
-21.3575	649.733	0.0516308
-21.386	651.636	0.0520537
-21.5817	653.047	0.0491416
-21.9951	654.541	0.0485695
-22.1792	655.745	0.0473676
-22.5491	656.806	0.0483933
-22.8843	658.152	0.0484986
-22.9643	659.77	0.0439985
-23.1625	660.567	0.0423954
-23.3307	661.579	0.0431511
-23.5582	662.755	0.0417819
-23.6087	664.481	0.0413824
-23.5297	664.162	0.0383471
-23.6002	666.468	0.0424341
-23.9222	667.901	0.0421373
-23.9791	669.753	0.0405002
-24.1363	669.482	0.0411378
-23.9819	670.752	0.0460697
-24.0047	671.265	0.0449727
-24.3972	671.576	0.0439909
-24.4498	671.88	0.0420076
-24.3933	673.704	0.0467319
-24.4812	674.645	0.0493881
-24.314	675.288	0.0495744
-24.6513	677.546	0.0502617
-24.514	678.724	0.0514394
-24.5987	679.15	0.052272
-24.2161	680.005	0.0577702
-24.2653	682.259	0.0577156
-24.5365	684.112	0.0564326
-24.8107	685.781	0.0588294
-24.9213	687.213	0.0582158
-25.0092	688.868	0.0569013
-25.0433	690.199	0.0577973
-25.8528	704.552	0.0424109
-25.5317	706.085	0.0422488
-25.5891	707.548	0.0407708
-25.2667	709.125	0.0420129
-24.9768	710.292	0.0387903
-25.4109	711.6	0.0353427
-25.9046	712.884	0.0311065
-26.2039	714.077	0.0259423
-26.3472	715.281	0.0259523
-26.2539	716.841	0.0256378
-26.2933	718.604	0.0236521
-26.4338	719.799	0.0203856
-26.6579	721.131	0.0178781
-26.4203	722.805	0.0213624
-26.4175	722.801	0.0192314
-26.9538	724.389	0.0189727
-26.7696	725.426	0.0166638
-27.2673	726.912	0.0153931
-27.2464	728.577	0.0150963
-27.4557	729.781	0.0145908
-27.7294	731.435	0.0119193
-27.3757	733.121	0.011978
-27.6629	734.51	0.0105108
-28.0524	736.019	0.010017
-29.3584	737.961	0.0047092
-29.3916	739.348	0.00154715
-29.5027	740.76	0.00412281
-28.1033	741.837	0.00670506
-29.1057	743.511	0.00429436
-28.925	745.1	0.0109001
-29.591	746.713	0.00771069
-29.7572	748.401	0.00708961
-30.0343	749.968	0.00349415
-29.473	751.417	0.00478315
-29.9699	752.912	0.00256084
-30.1331	754.337	0.00143094
-30.2829	755.902	-0.000445698
-30.8076	757.54	-0.00567788
-30.2142	759.322	-0.00691161
-29.9569	760.797	-0.00906288
-30.1204	762.343	-0.0101217
-30.4003	763.86	-0.014498
-30.064	765.474	-0.0143403
-30.812	767.02	-0.0211594
-31.3261	768.326	-0.0261411
-31.096	770.241	-0.0282639
-31.2713	771.537	-0.033603
-31.8421	772.856	-0.0389451
-32.0531	774.43	-0.04377
-32.5416	775.751	-0.0504399
-32.775	777.102	-0.0539198
-32.1023	779.027	-0.0537543
-32.4012	780.47	-0.0595346
-32.5595	781.857	-0.0619736
-32.8737	783.258	-0.063212
-32.5031	784.782	-0.0684095
-32.4917	786.553	-0.0721017
-32.293	787.6	-0.0798991
-32.2296	789.713	-0.0801958
-31.5413	791.527	-0.0811487
-31.0245	793.385	-0.0810653
-31.004	794.692	-0.085899
-30.8281	796.044	-0.0833639
-30.8429	797.774	-0.0881405
-30.5635	798.952	-0.0868562
-30.71	800.784	-0.0899284
-29.9338	802.229	-0.0874806
-29.5349	803.975	-0.0872569
-29.9219	805.183	-0.0895106
-29.9007	806.61	-0.0913605
-29.9833	808.46	-0.0928776
-29.7382	809.701	-0.0954023
-29.6499	811.219	-0.0958907
-29.0181	812.674	-0.0929082
-28.933	814.192	-0.0939114
-28.798	815.703	-0.0924564
-28.3193	817.327	-0.0929656
-28.4076	818.159	-0.0957984
-28.0456	819.529	-0.0916953
-28.0347	820.919	-0.0946531
-27.9153	822.172	-0.0928086
-27.5992	823.35	-0.0912728
-27.5718	825.007	-0.0910811
-27.0327	825.828	-0.0871104
-26.8901	827.258	-0.0845501
-26.9819	827.897	-0.0830674
-26.5661	829.527	-0.0799616
-27.2581	830.083	-0.0788234
-27.0807	831.955	-0.0771071
-26.7381	833.424	-0.0737063
-26.5411	834.617	-0.0708032
-26.431	835.569	-0.0675746
-26.2287	836.889	-0.0643828
-25.9913	838.508	-0.0619882
-26.0491	839.787	-0.0607193
-25.932	841.118	-0.0578529
-25.7649	841.627	-0.0517184
-25.6718	843.306	-0.051007
-25.6124	845.151	-0.0512498
-25.5082	846.166	-0.0480735
-25.39	847.444	-0.0456844
-25.5095	848.192	-0.0426234
-25.4066	849.486	-0.0389267
-25.24	850.856	-0.0380615
-25.2798	852.327	-0.0364144
-25.3496	853.282	-0.0348019
-25.3509	855.141	-0.0357262
-24.9094	857.401	-0.0378687
-24.9925	857.916	-0.0362297
-25.0686	859.44	-0.0363494
-25.0117	860.426	-0.0306525
-25.318	862.018	-0.0323739
-25.4917	863.247	-0.0298999
-25.0744	864.614	-0.0275655
-26.3034	865.618	-0.0290718
-26.0955	867.235	-0.0289363
-25.329	868.364	-0.0264688
-25.739	869.734	-0.0265492
-26.4829	870.711	-0.0272945
-26.5828	872.071	-0.0273245
-25.7464	873.293	-0.0231906
-25.3247	874.862	-0.0230101
-25.6219	876.406	-0.0243838
-26.5727	877.251	-0.0249673
-26.2543	878.725	-0.026621
-24.6936	880.296	-0.0230762
-24.8341	881.278	-0.0223851
-25.3271	882.648	-0.0238694
-25.8677	884.097	-0.0244195
-25.7775	885.515	-0.0245983
-26.1038	886.48	-0.0251617
-25.3348	888.177	-0.0258201
-25.2981	889.181	-0.0256975
-25.5357	890.134	-0.0261268
-26.0989	891.772	-0.0282704
-25.8668	893.202	-0.0285821
-26.1732	894.587	-0.0293851
-26.2627	895.892	-0.0310467
-25.4739	897.178	-0.0308765
-25.8753	898.54	-0.0323848
-25.5099	899.735	-0.0325905
-25.6095	900.852	-0.0337281
-26.373	902.132	-0.0351865
-26.5394	903.345	-0.0369454
-26.6405	904.792	-0.0398609
-27.551	906.086	-0.0435657
-26.9177	907.592	-0.0454874
-26.4603	908.896	-0.0468831
-27.0638	910.378	-0.0511049
-27.455	911.777	-0.0559954
-27.5173	913.026	-0.0578282
-26.7418	914.291	-0.0588585
-26.3513	915.936	-0.0683363
-26.946	917.147	-0.0728114
-25.8002	918.505	-0.0744225
-26.9026	920.566	-0.0832837
-27.3333	921.967	-0.0906093
-26.8902	923.064	-0.0919697
-26.8892	924.658	-0.09748
-26.0583	926.491	-0.10168
-25.9805	927.724	-0.105142
-26.2399	929.263	-0.112839
-26.6871	931.012	-0.120906
-27.1448	932.722	-0.13045
-25.9658	934.516	-0.133122
-26.5428	935.685	-0.141056
-25.7204	937.102	-0.142932
-25.9547	939.02	-0.152458
-26.5502	940.259	-0.160901
-26.0119	941.826	-0.166743
-25.9609	943.478	-0.173777
-26.0865	944.387	-0.180023
-26.5426	945.967	-0.189935
-26.0273	947.159	-0.193612
-25.4778	948.646	-0.20013
-25.4276	949.961	-0.207491
-25.3917	951.514	-0.21377
-24.6769	952.561	-0.220093
-24.9502	954.207	-0.228503
-24.5958	954.955	-0.232156
-23.8792	956.424	-0.239802
-24.2827	957.697	-0.248903
-23.622	958.89	-0.254823
-22.3611	959.953	-0.260156
-22.8874	961.318	-0.26988
-22.776	962.311	-0.278478
-22.2279	963.365	-0.283584
-22.4933	964.522	-0.293546
-22.0709	965.532	-0.300941
-21.8551	966.687	-0.308669
-21.491	967.727	-0.316582
-21.4923	968.962	-0.329064
-21.4179	970.04	-0.336033
-20.8301	970.981	-0.347501
-20.6253	971.947	-0.356899
-20.5464	972.95	-0.364603
-19.8422	974.004	-0.373397
-19.2207	974.993	-0.38686
-19.0103	975.674	-0.396469
-18.6013	976.645	-0.407045
-17.2503	978.787	-0.425721
-17.5557	979.599	-0.437579
-17.7167	980.673	-0.451486
-17.3674	981.274	-0.461045
-16.7192	982.219	-0.471797
-15.8035	983.052	-0.483442
-16.9344	984.231	-0.498774
-16.3368	985.056	-0.508552
-15.7989	986.06	-0.520989
-15.7983	986.894	-0.533024
-15.9723	987.801	-0.55141
-15.1832	988.397	-0.564167
-15.0937	989.245	-0.576005
-14.9653	989.877	-0.587879
-14.9308	991	-0.602204
-14.4303	991.253	-0.611685
-14.7264	992.34	-0.627694
-14.4243	992.839	-0.638388
-14.1797	993.602	-0.655862
-13.3458	994.159	-0.665896
-13.1175	995.007	-0.683577
-12.6115	995.715	-0.695265
-12.4368	996.382	-0.710285
-12.5051	996.664	-0.721313
-11.6541	997.721	-0.738075
-12.3025	998.274	-0.751873
-11.2115	998.711	-0.765528
-10.6937	999.2	-0.776252
-10.8377	999.916	-0.788987
-11.1433	1000.55	-0.805489
-10.2646	1001	-0.816335
-9.21823	1001.41	-0.827306
-9.93273	1002	-0.843727
-10.0193	1002.55	-0.858384
-8.98481	1003.04	-0.871637
-9.9968	1003.56	-0.886611
-8.34216	1004.21	-0.897048
-8.57792	1004.64	-0.910557
-8.15727	1005.18	-0.925608
-7.68011	1005.4	-0.937283
-7.26604	1005.95	-0.953432
-7.41406	1006.73	-0.97021
-6.42309	1006.96	-0.979075
-6.35497	1007.59	-0.993514
-5.66399	1008.02	-1.0058
-4.87185	1007.93	-1.01498
-4.14473	1008.8	-1.03272
-3.65737	1008.99	-1.04297
-2.96377	1009.78	-1.06029
-2.05105	1010.02	-1.07034
-2.023	1010.67	-1.0859
-0.581444	1010.75	-1.09524
-1.21503	1011.5	-1.11157
0.412041	1011.78	-1.12418
1.11797	1012.3	-1.13842
1.24254	1012.61	-1.15272
2.46873	1013.2	-1.16464
3.25219	1013.21	-1.17497
4.01732	1013.79	-1.19368
5.0485	1013.8	-1.20378
5.86726	1014.52	-1.21856
6.61416	1014.43	-1.228
7.39787	1015.2	-1.24357
9.02395	1014.84	-1.25244
9.45876	1015.45	-1.2678
9.91452	1015.79	-1.27991
11.1504	1016.24	-1.29394
11.9487	1016.08	-1.30412
12.9931	1016.67	-1.31925
13.9432	1016.76	-1.3294
14.5621	1017.47	-1.3458
14.6795	1018.11	-1.35939
15.8404	1018.52	-1.3718
17.4851	1018.22	-1.38164
17.2532	1019.29	-1.39717
19.0558	1019.25	-1.40809
19.6573	1019.79	-1.41965
20.9774	1019.45	-1.42967
22.2769	1019.46	-1.43723
23.399	1019.7	-1.44602
24.3987	1019.78	-1.45445
25.442	1020.2	-1.46446
26.6384	1020.26	-1.47438
27.6251	1020.63	-1.48258
29.559	1020.33	-1.49084
30.0073	1021	-1.50064
31.4847	1021.39	-1.5075
31.8138	1022.02	-1.51436
33.6357	1022.46	-1.52256
34.7418	1022.31	-1.53108
36.4978	1022.21	-1.53673
36.2625	1023.22	-1.54646
37.9819	1023.12	-1.55214
39.7441	1022.98	-1.55813
40.2371	1023.83	-1.56691
41.9522	1023.29	-1.56954
44.7224	1022.95	-1.57442
44.7698	1023.58	-1.58051
46.4164	1023.61	-1.58885
48.652	1023.33	-1.59507
49.7695	1023.35	-1.60072
51.4889	1023.24	-1.60836
52.6112	1023.6	-1.61627
53.3003	1023.93	-1.62302
55.8924	1023.17	-1.62607
58.5277	1022.84	-1.63092
58.1145	1023.62	-1.64061
61.9117	1022.79	-1.64293
62.5493	1023.32	-1.64926
65.1621	1023.04	-1.65688
66.3618	1023.09	-1.6603
66.8504	1023.59	-1.66762
69.9043	1022.65	-1.66969
69.7817	1023.27	-1.68078
73.8447	1022.84	-1.68795
74.3338	1022.6	-1.68879
74.4862	1023.12	-1.69857
76.2604	1022.77	-1.7031
78.0072	1022.56	-1.70699
81.2669	1022.03	-1.71043
81.5304	1022.05	-1.71522
84.3418	1022.04	-1.72329
86.0123	1021.73	-1.72737
87.7066	1021.34	-1.73111
88.9271	1021.45	-1.73916
88.7431	1021.54	-1.74372
92.1062	1020.64	-1.74352
92.399	1020.85	-1.75151
95.3449	1020.3	-1.75315
95.3559	1020.52	-1.76179
97.9085	1019.85	-1.76233
98.997	1020.19	-1.771
101.277	1019.41	-1.77087
103.747	1018.72	-1.77095
105.25	1018.72	-1.7767
105.92	1018.47	-1.77878
110.79	1017.59	-1.78865
112.015	1017.25	-1.79031
113.249	1017.3	-1.7951
114.817	1016.27	-1.79542
116.094	1016.36	-1.79953
117.958	1016.03	-1.80297
119.864	1015.51	-1.80397
120.626	1015.58	-1.81065
123.066	1014.57	-1.80846
122.956	1014.8	-1.81887
125.894	1014.18	-1.81696
127.484	1014.09	-1.82345
129.536	1012.66	-1.82109
129.447	1014.08	-1.82947
132.436	1012.58	-1.82973
132.588	1013.09	-1.84073
134.458	1012.76	-1.84391
136.217	1012.15	-1.84637
137.796	1011.31	-1.84812
140.006	1010.69	-1.84733
142.644	1010.05	-1.84846
144.266	1009.45	-1.85287
144.792	1009.16	-1.85537
146.66	1008.59	-1.85758
148.732	1008.32	-1.86074
150.295	1007.64	-1.86275
151.967	1007.5	-1.86972
153.787	1007.3	-1.87256
154.564	1006.17	-1.87075
156.466	1005.73	-1.87439
158.138	1005.34	-1.87927
160.019	1004.35	-1.87818
160.192	1004.23	-1.88475
162.494	1003.65	-1.88413
163.798	1002.85	-1.88616
165.102	1002.63	-1.89399
166.71	1002.15	-1.89668
168.271	1001.53	-1.90228
168.738	1001.03	-1.90391
171.254	1000.84	-1.91244
171.757	1000.26	-1.91231
171.559	999.408	-1.90969
173.114	999.151	-1.91389
175.665	998.783	-1.9167
177.186	998.063	-1.91646
179.14	997.464	-1.91753
179.903	997.177	-1.9238
181.439	996.172	-1.92648
184.24	995.613	-1.92651
184.657	995.068	-1.93206
187.375	994.715	-1.93635
188.408	993.604	-1.93455
190.896	993.271	-1.93781
191.471	992.597	-1.94288
193.981	992.156	-1.94182
195.463	991.354	-1.94379
195.99	990.342	-1.94652
198.771	990.211	-1.95109
200.248	989.436	-1.95061
203.15	988.79	-1.95347
202.954	988.243	-1.95766
207.667	986.952	-1.95557
208.956	986.23	-1.96047
210.397	985.739	-1.96045
212.324	985.06	-1.96316
213.955	984.413	-1.96349
214.086	983.814	-1.96601
215.524	983.248	-1.97095
217.962	982.664	-1.97232
218.725	981.772	-1.97079
220.749	981.091	-1.97259
221.718	980.555	-1.97754
224.222	980.237	-1.97907
223.99	979.153	-1.97939
227.269	978.63	-1.98139
227.602	977.864	-1.98514
229.401	977.154	-1.98945
231.561	976.702	-1.98761
232.897	976.081	-1.99051
232.909	975.445	-1.99438
236.006	974.831	-1.99676
235.568	974.305	-2.00002
236.898	973.509	-1.99847
239.323	972.865	-2.00367
240.503	972.355	-2.00741
240.807	972.048	-2.00509
241.006	971.641	-2.00782
243.275	970.883	-2.00862
243.661	970.489	-2.01473
245.012	969.793	-2.01538
247.137	969.005	-2.01628
247.733	968.348	-2.02048
249.463	967.81	-2.02315
251.162	966.901	-2.02415
251.43	966.426	-2.03087
253.466	965.743	-2.03227
254.342	965.072	-2.03802
254.856	964.395	-2.03888
257.181	963.943	-2.03864
257.172	963.318	-2.04526
259.019	962.437	-2.04563
259.58	962.031	-2.0542
260.989	961.387	-2.05547
262.155	960.761	-2.06114
263.212	959.975	-2.06275
265.098	959.555	-2.06583
265.639	958.827	-2.07073
267.043	958.367	-2.07283
268.789	957.542	-2.07584
269.409	956.977	-2.07776
271.901	955.481	-2.08367
273.224	954.993	-2.08893
274.143	954.33	-2.09406
275.509	953.576	-2.09538
276.626	952.775	-2.10067
278.034	952.167	-2.10376
278.587	951.17	-2.11031
280.258	950.67	-2.11258
280.98	949.877	-2.11791
282.133	949.286	-2.12264
283.913	948.658	-2.12734
284.114	947.61	-2.13344
284.648	946.77	-2.14043
286.705	946.153	-2.14236
287.949	945.056	-2.14869
288.557	944.334	-2.15645
290.25	943.679	-2.16104
291.922	943.002	-2.16577
292.627	942.217	-2.17499
293.762	941.415	-2.18022
295.715	940.838	-2.18652
296.323	940.11	-2.19101
296.947	939.318	-2.20124
298.16	938.603	-2.20825
299.717	937.824	-2.21656
300.716	936.776	-2.22308
301.74	935.955	-2.2307
302.837	935.381	-2.23852
303.762	934.679	-2.2467
304.685	934.137	-2.2538
305.561	933.209	-2.26275
306.533	932.412	-2.26859
307.483	931.852	-2.28008
308.317	931.16	-2.28954
309.659	930.473	-2.29587
310.656	929.794	-2.30594
311.434	928.881	-2.31154
312.339	928.025	-2.31955
312.619	927.525	-2.32756
313.83	927.008	-2.3326
314.565	926.223	-2.34105
315.62	925.351	-2.34835
316.628	924.635	-2.35575
317.079	924.234	-2.36466
318.144	923.613	-2.37325
317.733	923.094	-2.38067
319.116	922.002	-2.3881
319.065	921.39	-2.39612
319.384	920.946	-2.40509
320.074	919.317	-2.42316
319.924	918.707	-2.43442
321.049	918.07	-2.43956
321.285	917.289	-2.44562
322.003	916.772	-2.45738
323.049	916.006	-2.46676
322.998	914.966	-2.47663
323.303	914.402	-2.48471
323.611	913.776	-2.49457
324.603	912.736	-2.504
324.885	912.33	-2.5139
325.748	911.355	-2.52382
326.717	910.64	-2.53139
326.193	909.704	-2.54533
326.966	908.917	-2.55484
327.853	908	-2.56698
327.828	907.451	-2.57892
328.429	906.727	-2.59025
328.754	905.974	-2.60226
329.735	905.08	-2.61274
329.347	904.128	-2.6293
329.658	903.692	-2.64336
330.115	903.02	-2.65629
330.247	902.178	-2.67203
330.37	901.827	-2.68443
330.561	901.183	-2.69978
331.094	900.609	-2.71239
331.933	899.816	-2.72572
331.638	899.096	-2.74199
332.573	898.279	-2.75185
332.244	897.88	-2.76902
333.083	897.339	-2.77981
333.322	896.612	-2.795
333.137	896.132	-2.80907
333.513	895.66	-2.82204
333.791	895.19	-2.83599
334.833	894.363	-2.84739
334.565	893.965	-2.8636
334.911	893.317	-2.8745
335.207	892.494	-2.89076
334.802	891.709	-2.9069
334.937	891.065	-2.92197
335.065	890.38	-2.93687
335.53	889.735	-2.94928
335.691	888.919	-2.96364
335.778	888.192	-2.97627
335.792	887.416	-2.99258
336.048	886.452	-3.00256
336.267	885.794	-3.01868
335.937	884.767	-3.03485
336.466	884.289	-3.0451
335.953	883.597	-3.06147
336.215	882.624	-3.07132
336.219	881.735	-3.08491
336.718	880.634	-3.09563
336.323	880.219	-3.10758
336.183	878.626	-3.11922
336.506	877.923	-3.12916
336.109	876.683	-3.13982
336.092	875.541	-3.14819
336.338	874.8	-3.15816
335.841	873.669	-3.16576
335.79	872.45	-3.17489
335.809	871.48	-3.18301
335.269	870.557	-3.19025
335.363	869.895	-3.19852
335.389	868.501	-3.20564
335.268	867.713	-3.21384
335.495	866.602	-3.21686
335.339	865.176	-3.22246
335.208	864.116	-3.23009
334.992	863.22	-3.23477
334.852	861.802	-3.24042
334.617	860.41	-3.24646
334.689	859.532	-3.25182
334.698	858.82	-3.2579
334.071	856.231	-3.26227
334.552	855.473	-3.2754
334.431	855.667	-3.28451
334.354	854.566	-3.29111
334.169	853.896	-3.29265
334.532	853.897	-3.29676
334.16	851.655	-3.2986
333.914	850.89	-3.30274
334.306	851.153	-3.31128
333.91	850.068	-3.31028
333.954	848.924	-3.31372
333.739	847.044	-3.3146
333.355	845.582	-3.31302
332.945	845.071	-3.31135
333.335	843.81	-3.31164
333.17	842.709	-3.30977
332.868	841.249	-3.30952
332.87	840.052	-3.30665
332.719	838.796	-3.30561
332.828	837.983	-3.30301
332.685	837.365	-3.3008
332.965	836.49	-3.30138
333.109	835.387	-3.29874
332.83	834.221	-3.29378
332.428	832.539	-3.29052
331.08	821.499	-3.25831
330.376	820.473	-3.25666
330.942	820.806	-3.25591
330.663	820.036	-3.24977
330.332	818.326	-3.24925
330.563	817.262	-3.246
330.495	815.684	-3.24495
330.503	814.662	-3.24312
330.231	813.624	-3.23681
330.078	812.466	-3.23506
328.999	811.713	-3.23014
329.37	810.223	-3.22705
329.003	809.171	-3.22281
328.58	808.315	-3.21882
329.509	807.2	-3.2186
328.447	806.125	-3.21179
329.273	804.806	-3.21243
329.236	803.157	-3.20992
329.519	802.056	-3.20846
329.658	800.688	-3.2042
329.221	799.344	-3.20156
329.342	798.059	-3.19885
328.515	796.007	-3.19564
328.736	795.734	-3.19222
327.685	794.492	-3.18726
327.951	792.915	-3.18581
327.313	792.181	-3.18196
327.502	790.343	-3.17976
327.962	788.713	-3.18089
326.947	787.692	-3.17623
327.103	786.256	-3.17512
327.235	784.903	-3.17544
327.528	783.515	-3.17622
326.889	782.492	-3.17436
326.924	781.279	-3.17376
326.332	779.741	-3.17346
326.696	778.437	-3.17343
326.204	777.238	-3.17182
325.8	775.533	-3.17239
325.762	774.193	-3.17309
324.218	772.845	-3.17032
325.486	771.618	-3.17406
325.115	770.156	-3.17599
324.254	768.713	-3.17462
324.746	767.485	-3.17961
324.701	766.252	-3.18369
323.829	764.814	-3.18349
324.406	763.505	-3.18806
323.845	761.946	-3.19035
324.146	760.785	-3.19255
324.146	759.751	-3.19745
323.694	757.956	-3.19791
323.879	756.734	-3.19958
323.642	755.457	-3.20283
323.132	753.193	-3.20149
323.373	752.249	-3.20215
322.891	750.465	-3.20215
323.11	749.229	-3.20324
322.707	747.973	-3.20345
322.721	746.477	-3.20255
322.339	744.763	-3.20438
322.306	743.213	-3.20223
322.248	741.643	-3.20125
322.162	740.358	-3.20322
321.755	738.266	-3.20247
321.484	736.598	-3.20211
321.218	735.374	-3.20105
321.218	735.374	-3.20105
321.02	732.649	-3.2011
320.402	729.56	-3.19899
320.749	728.798	-3.20236
320.21	726.549	-3.20208
320.011	725.48	-3.19995
319.669	723.762	-3.19791
319.797	722.387	-3.19932
319.642	721.348	-3.19945
319.798	719.667	-3.20037
319.433	718.21	-3.1983
319.211	716.359	-3.19623
319.044	714.842	-3.19535
319.264	714.054	-3.19599
319.091	712.837	-3.19542
318.227	710.843	-3.19241
318.367	709.462	-3.19042
318.229	707.827	-3.19133
318.267	706.88	-3.18907
317.679	705.029	-3.18929
317.381	703.725	-3.18364
316.832	702.812	-3.18465
317.428	701.722	-3.18399
316.954	700.508	-3.18216
316.621	698.762	-3.18095
316.414	697.673	-3.17756
316.629	695.975	-3.17938
316.379	694.327	-3.17751
316.337	692.972	-3.17679
315.59	691.461	-3.17222
315.866	689.918	-3.17034
315.762	688.314	-3.16765
315.6	687.404	-3.16325
315.338	685.714	-3.16047
315.398	683.58	-3.15288
315.4	683.58	-3.15118
315.243	682.248	-3.15061
315.226	680.595	-3.1458
315.219	679.213	-3.14481
315.302	677.916	-3.14204
315.118	676.213	-3.14062
315.123	675.416	-3.13744
314.968	673.322	-3.13469
315.195	671.849	-3.13435
315.146	670.506	-3.1342
315.055	668.625	-3.13289
315.338	667.069	-3.12688
315.106	665.577	-3.12518
315.184	663.556	-3.12463
315.366	661.966	-3.12209
315.363	660.391	-3.11871
315.601	658.408	-3.11724
315.312	656.811	-3.11914
315.706	655.233	-3.11749
315.696	653.618	-3.1197
315.838	651.38	-3.11927
315.946	650.057	-3.11755
315.911	648.133	-3.12052
316.082	646.828	-3.11829
316.086	645.246	-3.11817
316.19	643.845	-3.11833
316.339	642.201	-3.12097
315.793	640.899	-3.11841
316.456	639.279	-3.12038
316.239	637.738	-3.12107
316.447	635.93	-3.12157
316.507	635.255	-3.11965
316.229	633.23	-3.1217
316.513	631.378	-3.1216
316.459	629.905	-3.12089
316.59	627.987	-3.12083
316.739	625.828	-3.11964
316.667	624.607	-3.11938
316.789	622.513	-3.12102
316.649	620.869	-3.11944
316.901	619.213	-3.12062
316.729	617.381	-3.11924
316.711	615.935	-3.11863
316.898	613.878	-3.1162
316.956	610.607	-3.1175
316.964	608.812	-3.11855
316.8	607.025	-3.11786
316.957	605.589	-3.11547
316.636	603.665	-3.11413
316.567	602.572	-3.11638
316.72	600.325	-3.11541
316.829	598.343	-3.11464
316.829	598.343	-3.11464
316.831	595.724	-3.11511
317.032	593.943	-3.11447
316.984	592.766	-3.1161
317.249	591.503	-3.11558
317.164	589.919	-3.1127
317.19	588.583	-3.1124
317.203	587.186	-3.1077
317.141	585.725	-3.10568
317.139	585.722	-3.10395
317.576	582.372	-3.10403
317.596	580.825	-3.10669
317.596	580.822	-3.10454
317.746	577.631	-3.10202
317.746	577.631	-3.10202
317.777	576.174	-3.09854
318.084	574.739	-3.09716
317.945	573.003	-3.09941
318.097	571.692	-3.09531
318.002	569.781	-3.09288
318.4	568.556	-3.09312
318.318	567.214	-3.09433
318.921	566.036	-3.08933
318.401	564.337	-3.08745
318.583	563.036	-3.08717
318.886	561.555	-3.08658
319.381	560.419	-3.08785
320.345	558.474	-3.08914
320.972	557.102	-3.0896
321.702	556.43	-3.09014
320.493	555.736	-3.08846
320.89	556.012	-3.08859
321.42	555.818	-3.08969
321.135	554.748	-3.09308
321.849	555.007	-3.09137
321.853	556.005	-3.101
322.146	558.823	-3.10037
322.926	559.688	-3.09799
322.801	559.956	-3.10095
322.683	557.542	-3.09747
322.764	555.125	-3.10689
322.764	555.125	-3.10689
322.794	551.806	-3.10764
322.735	550.982	-3.10735
323.307	550.352	-3.11706
323.289	548.393	-3.11502
323.123	547.882	-3.11495
323.123	547.882	-3.11495
323.211	544.827	-3.12464
323.376	543.152	-3.12447
323.568	541.759	-3.13051
323.568	541.759	-3.13051
323.583	538.813	-3.13335
323.309	537.614	-3.13403
323.3	536.282	-3.13772
323.786	534.559	-3.14287
323.102	533.476	-3.14198
323.34	531.882	-3.14839
323.34	531.882	-3.14839
323.627	530.261	-3.15022
323.142	529.144	-3.15293
323.621	528.113	-3.15148
323.312	526.358	-3.15698
323.292	525.321	-3.15824
323.608	523.749	-3.16329
323.242	522.271	-3.16088
323.264	520.771	-3.16229
323.422	518.97	-3.16725
323.252	517.97	-3.16654
323.396	516.239	-3.16838
323.165	514.287	-3.16998
323.546	512.665	-3.17283
323.203	511.15	-3.17027
323.394	509.852	-3.17619
323.119	507.983	-3.17841
322.866	506.274	-3.17953
323.015	505.012	-3.18351
322.673	503.409	-3.18709
322.578	501.663	-3.18915
322.742	500.292	-3.19409
322.177	498.62	-3.19626
322.181	496.854	-3.20259
321.945	495.344	-3.20274
321.735	493.567	-3.20835
321.564	491.878	-3.21153
321.482	490.533	-3.21392
321.096	488.748	-3.21605
320.964	487.186	-3.22345
320.746	485.422	-3.22868
320.755	484.328	-3.23057
320.49	482.434	-3.23761
320.304	481.319	-3.23632
320.215	478.891	-3.24332
320.047	477.898	-3.24544
319.931	476.212	-3.24496
319.777	474.575	-3.2473
319.622	472.951	-3.2462
319.347	471.355	-3.24585
319.355	469.733	-3.24552
318.985	468.041	-3.24258
319.028	466.688	-3.24118
318.792	464.633	-3.23709
318.928	463.045	-3.2338
318.686	461.362	-3.22986
318.575	459.785	-3.22418
318.741	459.316	-3.22093
318.677	456.2	-3.21173
318.674	456.195	-3.20988
318.668	454.01	-3.2024
318.479	453.562	-3.20194
318.547	451.783	-3.19321
318.24	450.87	-3.19
318.1	448.265	-3.18091
317.757	448.402	-3.17781
317.218	446.542	-3.17101
317.007	443.878	-3.17143
317.268	443.751	-3.16526
317.034	442.396	-3.16158
316.8	440.848	-3.15642
317.049	440.108	-3.15628
316.912	438.792	-3.1548
317.017	437.201	-3.15081
316.456	436.181	-3.14453
317.207	435.598	-3.14568
317.11	433.735	-3.14646
316.629	433.017	-3.14128
316.668	431.725	-3.13893
316.45	430.677	-3.136
316.194	429.749	-3.13069
316.093	429.279	-3.12926
315.831	427.908	-3.12554
315.257	432.01	-3.11756
315.384	431.831	-3.121
315.292	430.304	-3.10902
315.812	431.854	-3.11208
315.922	431.589	-3.10634
315.565	426.414	-3.10152
316.113	426.859	-3.10453
316.183	425.138	-3.10565
316.346	424.02	-3.1059
316.569	422.962	-3.09953
316.659	420.826	-3.09635
316.83	419.986	-3.09926
316.814	418.656	-3.09915
317.002	416.722	-3.09761
317.697	415.76	-3.09739
317.885	413.981	-3.09735
317.981	412.801	-3.10181
317.799	411.481	-3.09729
318.141	408.302	-3.09839
318.141	408.302	-3.09839
318.129	405.473	-3.1042
318.123	405.479	-3.10612
318.509	402.272	-3.10882
318.509	402.272	-3.10882
318.833	399.847	-3.1184
318.824	399.856	-3.12107
319.078	397.082	-3.11982
319.074	395.172	-3.12546
318.995	393.945	-3.12678
318.995	393.945	-3.12678
318.718	391.639	-3.13517
318.718	391.639	-3.13517
318.597	389.765	-3.13619
318.694	388.635	-3.13909
318.607	386.676	-3.14097
318.016	383.123	-3.14516
317.792	382.742	-3.14562
317.792	382.742	-3.14562
317.669	381.914	-3.15031
317.95	378.723	-3.14966
317.804	377.396	-3.14929
317.804	377.396	-3.15224
317.254	374.357	-3.14692
317.254	374.357	-3.14692
317.443	371.374	-3.14742
317.441	371.366	-3.1499
317.422	370.006	-3.14251
317.505	367.942	-3.14586
317.58	364.384	-3.14547
317.584	364.384	-3.14302
317.276	358.672	-3.15192
317.132	357.23	-3.15376
317.193	355.299	-3.15268
317.106	353.189	-3.15355
316.971	350.736	-3.15764
316.701	349.265	-3.16067
316.679	348.827	-3.16287
316.579	346.657	-3.16315
316.421	345.267	-3.16455
316.221	343.225	-3.17163
315.974	342.418	-3.17149
315.675	340.907	-3.17121
315.962	340.49	-3.17597
315.934	338.742	-3.17316
315.858	336.992	-3.17387
315.717	335.313	-3.17571
315.857	333.29	-3.17822
315.717	331.832	-3.17691
315.376	331.396	-3.18082
315.301	330.434	-3.18537
315.127	328.475	-3.18601
315.352	325.333	-3.18455
315.275	323.459	-3.18577
314.975	323.785	-3.18724
314.623	322.969	-3.18618
314.807	320.447	-3.18294
314.457	318.466	-3.18883
314.265	315.382	-3.18916
313.979	314.734	-3.18681
314.084	312.667	-3.18808
314.041	311.13	-3.19047
314.141	309.613	-3.18993
314.028	307.556	-3.18624
313.869	306.55	-3.18948
313.733	304.396	-3.19211
313.91	303.446	-3.18714
313.419	301.48	-3.19066
313.228	300.805	-3.19052
313.24	298.659	-3.19337
313.218	296.964	-3.19267
313.566	296.331	-3.18891
313.317	294.513	-3.18718
313.478	293.63	-3.18997
313.76	292.163	-3.18972
313.729	290.861	-3.18824
313.786	289.24	-3.18719
314.001	287.545	-3.18511
314.298	286.472	-3.18348
314.251	284.318	-3.18261
314.314	283.147	-3.17742
314.304	282.079	-3.17733
314.249	281.308	-3.1779
314.331	279.063	-3.17605
314.003	277.951	-3.17637
313.77	276.398	-3.17604
313.816	274.883	-3.17623
313.99	272.698	-3.17475
313.697	270.623	-3.1752
313.463	269.139	-3.17489
313.551	267.334	-3.17596
312.982	266.295	-3.17199
312.913	264.509	-3.17486
312.892	262.702	-3.17455
312.517	261.48	-3.17309
312.602	259.655	-3.17444
312.808	257.87	-3.17302
312.884	255.774	-3.17286
312.655	253.826	-3.17065
312.677	252.027	-3.16992
312.646	250.292	-3.16512
313.063	248.18	-3.16409
312.804	246.225	-3.16291
312.721	244.904	-3.1605
312.665	242.864	-3.16006
312.934	241.069	-3.16098
313.16	239.076	-3.16038
312.764	237.381	-3.1539
313.236	235.832	-3.1545
313.23	233.803	-3.15282
313.377	232.189	-3.1453
313.585	230.09	-3.14695
313.141	228.675	-3.13863
313.245	226.915	-3.13559
313.2	224.987	-3.13249
313.123	223.166	-3.13084
312.91	221.421	-3.1267
312.79	219.795	-3.12498
312.957	218.054	-3.12174
313.161	215.891	-3.11812
313.253	214.171	-3.12026
312.664	212.771	-3.11433
313.118	211.364	-3.11478
312.973	209.02	-3.1143
312.989	207.32	-3.11423
313.007	205.334	-3.1118
313.165	203.814	-3.11257
313.314	202.398	-3.11413
313.118	200.898	-3.11454
313.397	198.891	-3.11268
313.629	197.329	-3.11665
313.612	195.62	-3.11503
314.104	194.51	-3.11657
313.913	193.592	-3.11642
314.234	191.801	-3.11731
314.282	191.409	-3.11792
314.349	190.132	-3.11806
314.439	188.303	-3.12363
314.401	186.856	-3.12327
314.441	185.891	-3.12481
315.032	185.997	-3.12832
314.916	184.008	-3.13628
315.224	183.097	-3.13917
315.144	181.762	-3.13975
315.42	181.021	-3.14233
315.742	179.762	-3.14713
315.522	178.352	-3.14953
315.897	177.177	-3.15099
315.442	174.738	-3.14998
315.829	173.402	-3.15728
315.699	171.817	-3.15891
316.187	170.856	-3.16169
316.114	169.374	-3.15946
316.729	168.26	-3.16084
316.788	167.03	-3.16113
316.71	165.678	-3.16318
317.322	165.095	-3.16199
317.675	163.968	-3.16554
317.717	163.173	-3.16184
317.341	162.648	-3.16268
317.079	163.231	-3.15744
317.006	164.448	-3.15469
317.416	165.241	-3.15303
317.575	165.104	-3.15244
317.654	164.7	-3.15277
317.81	166.672	-3.1437
318.243	166.735	-3.1414
318.091	166.237	-3.14611
318.115	165.062	-3.1453
317.547	160.209	-3.14225
317.562	158.623	-3.14242
317.24	157.618	-3.13782
317.216	155.67	-3.13318
317.071	153.907	-3.13193
317.092	152.334	-3.13203
317.006	150.577	-3.12839
316.841	148.434	-3.13188
316.58	146.96	-3.1227
316.672	145.312	-3.12379
316.537	143.679	-3.12474
316.643	141.65	-3.12237
316.774	139.942	-3.12361
316.477	137.767	-3.11434
316.953	136.448	-3.11414
316.811	134.798	-3.11758
316.964	133.047	-3.11335
316.936	131.618	-3.11055
316.736	130.09	-3.10884
316.92	128.282	-3.10929
316.826	126.672	-3.10703
316.914	124.972	-3.10523
317.286	123.511	-3.10629
317.522	122.316	-3.10365
317.171	121.013	-3.09775
317.278	119.316	-3.09923
317.568	118.056	-3.09694
317.685	116.493	-3.09817
317.875	115.139	-3.09493
317.732	113.604	-3.09727
318.206	112.315	-3.09935
318.324	110.874	-3.10106
318.51	108.116	-3.09802
318.504	108.13	-3.10024
318.606	106.69	-3.09883
318.661	104.965	-3.09807
319.133	103.434	-3.10018
319.253	101.692	-3.10128
318.984	100.397	-3.102
318.926	98.4804	-3.10282
319.169	97.3086	-3.10565
319.226	95.9133	-3.10286
319.029	94.5628	-3.10385
319.292	93.0755	-3.10768
319.173	91.545	-3.10743
319.242	90.2176	-3.10836
319.518	88.7353	-3.10993
319.469	87.282	-3.10997
319.452	85.6994	-3.11446
319.637	84.9485	-3.11856
319.501	83.3667	-3.11875
319.505	81.8898	-3.12348
319.228	80.2666	-3.12528
319.212	78.7087	-3.12854
319.164	77.2563	-3.1311
319.257	76.1725	-3.13389
319.16	74.921	-3.13281
319.063	73.6783	-3.13523
319.314	72.5525	-3.13972
319.237	70.7593	-3.14371
319.278	69.413	-3.14525
319.128	68.6983	-3.14625
319.219	68.0578	-3.14861
319.189	67.1316	-3.14851
319.027	66.3253	-3.15085
319.083	65.0505	-3.14933
319.088	63.6218	-3.15246
319.051	62.3478	-3.15411
319.024	61.159	-3.15581
319.089	60.2932	-3.15932
319.025	59.0123	-3.16337
319.173	58.1263	-3.16457
319.095	56.8116	-3.16416
319.248	55.2734	-3.16377
319.152	54.4276	-3.16482
319.256	52.7382	-3.16534
318.946	51.7985	-3.16487
318.945	50.6774	-3.16608
319.174	49.4699	-3.17324
318.601	48.4644	-3.17183
319.356	46.7927	-3.1735
318.962	45.343	-3.17379
319.088	44.7738	-3.17529
319.174	43.532	-3.17634
319.174	42.3902	-3.17814
319.063	41.5226	-3.18005
319.278	41.1915	-3.18099
319.046	39.0449	-3.18234
318.726	37.557	-3.18082
319.645	36.2001	-3.184
320.267	36.2066	-3.18932
320.401	35.4824	-3.19356
320.132	33.5271	-3.18899
320.369	31.9211	-3.19056
320.488	31.6971	-3.19128
320.202	29.9398	-3.19064
321.01	35.0667	-3.1918
321.031	35.8653	-3.1901
320.781	34.8916	-3.18692
320.677	33.4095	-3.19014
321.276	33.7205	-3.18427
320.974	31.4491	-3.18269
320.241	29.0009	-3.18007
320.393	27.5804	-3.17655
320.389	25.5548	-3.18047
319.731	23.0532	-3.17979
319.575	21.8222	-3.18002
319.241	20.0524	-3.17935
319.533	19.1935	-3.18262
319.5	17.7826	-3.18145
319.157	15.7007	-3.18121
319.23	14.2522	-3.18358
319.035	12.6206	-3.18351
318.773	11.1416	-3.18946
319.343	9.82546	-3.19067
318.921	7.89466	-3.19211
318.544	5.92078	-3.19032
318.651	4.5894	-3.19442
318.951	2.9452	-3.19763
318.46	1.09548	-3.19843
318.638	-0.0566132	-3.20281
318.217	-1.86841	-3.20149
318.679	-3.27088	-3.20368
318.924	-4.63363	-3.20649
319.114	-6.42534	-3.20762
318.23	-7.81324	-3.20664
317.918	-9.62302	-3.20583
317.561	-11.6732	-3.20577
318.221	-12.1988	-3.20932
317.543	-14.1974	-3.20642
316.916	-16.3496	-3.20639
317.176	-17.9246	-3.20655
315.426	-31.4938	-3.20205
314.971	-33.1329	-3.19594
315.581	-34.7711	-3.19701
314.658	-36.8377	-3.19133
314.252	-38.3785	-3.18752
314.648	-39.9398	-3.18525
314.532	-41.4634	-3.18316
313.98	-43.2169	-3.18011
314.795	-44.7034	-3.17615
314.728	-45.7139	-3.176
315.335	-47.7727	-3.17133
314.61	-49.1414	-3.16258
314.745	-50.4895	-3.16073
314.882	-51.9877	-3.15322
314.988	-53.5356	-3.14937
315.206	-55.3861	-3.14112
315.04	-56.6583	-3.14007
315.037	-58.1648	-3.13279
314.939	-59.7976	-3.12428
314.177	-60.9145	-3.12288
314.572	-62.5599	-3.11582
313.977	-63.7637	-3.10971
313.959	-65.233	-3.10761
313.829	-66.6327	-3.10209
313.574	-68.1392	-3.10118
313.207	-69.3861	-3.09427
313.291	-70.7516	-3.09322
313.288	-72.38	-3.09116
312.892	-73.5234	-3.0856
313.263	-75.2671	-3.08408
312.835	-76.2676	-3.0824
312.824	-77.723	-3.07786
312.179	-78.4832	-3.07495
312.696	-80.1116	-3.07411
312.633	-82.052	-3.07283
312.213	-83.4793	-3.06688
311.87	-85.0446	-3.06556
311.957	-87.1933	-3.06046
311.576	-90.074	-3.06083
311.577	-90.0681	-3.0582
311.169	-91.3357	-3.05783
311.031	-92.6056	-3.05603
310.868	-93.6843	-3.05915
309.778	-94.7207	-3.05569
309.95	-96.0227	-3.05412
309.772	-97.0993	-3.05593
309.828	-97.5398	-3.05606
309.055	-98.1076	-3.06024
309.253	-99.0435	-3.06054
308.81	-100.742	-3.05984
308.599	-101.117	-3.06269
309.296	-101.533	-3.06328
308.455	-103.623	-3.06487
308.453	-103.631	-3.06712
308.664	-105.233	-3.06451
308.814	-107.224	-3.06657
308.814	-107.224	-3.06657
309.216	-111.558	-3.06843
309.221	-111.542	-3.06583
309.667	-113.844	-3.06883
309.667	-113.844	-3.06883
309.69	-118.262	-3.06846
309.692	-118.246	-3.0659
310.052	-121.029	-3.06945
310.052	-121.029	-3.06945
310.036	-125.285	-3.06763
310.338	-126.719	-3.06863
310.338	-126.719	-3.06863
310.675	-130.424	-3.06923
310.675	-130.424	-3.06923
310.942	-131.987	-3.0703
310.937	-133.821	-3.06951
311.312	-135.424	-3.07012
311.613	-137.67	-3.06999
311.881	-139.166	-3.07085
311.752	-140.79	-3.07101
311.73	-142.599	-3.07186
311.661	-144.339	-3.07223
312.072	-145.96	-3.07436
312.157	-148.119	-3.07455
312.17	-149.812	-3.07475
312.429	-151.571	-3.07757
312.69	-153.258	-3.07964
312.596	-155.305	-3.07991
313.009	-156.968	-3.08075
312.945	-158.975	-3.08026
313.114	-160.715	-3.08133
312.992	-162.458	-3.07982
313.316	-164.305	-3.08389
313.143	-165.956	-3.08329
313.248	-167.864	-3.08538
313.517	-169.604	-3.08893
313.184	-171.066	-3.09134
313.865	-172.279	-3.09623
313.409	-173.623	-3.09036
313.819	-175.226	-3.09206
314.246	-177.354	-3.09241
314.201	-179.066	-3.09342
314.289	-180.638	-3.09559
314.654	-182.84	-3.09698
314.394	-184.451	-3.09694
314.304	-186.357	-3.0985
314.483	-188.197	-3.09999
314.72	-190.316	-3.10032
314.804	-192.014	-3.1022
314.99	-193.689	-3.10275
314.834	-195.758	-3.10384
314.92	-197.63	-3.10596
315.153	-199.276	-3.1094
314.992	-201.022	-3.11011
314.929	-202.855	-3.11252
314.913	-204.642	-3.11587
314.941	-206.435	-3.11623
314.98	-208.272	-3.11686
315.262	-210.186	-3.11893
315.116	-211.704	-3.1209
315.246	-213.373	-3.12139
315.297	-215.136	-3.12285
315.363	-217.019	-3.12355
315.394	-218.885	-3.12364
315.648	-220.35	-3.12487
315.476	-222.855	-3.12427
315.64	-224.062	-3.12618
315.782	-225.517	-3.13024
316.027	-227.405	-3.13007
316.412	-228.779	-3.13153
316.2	-230.723	-3.13254
315.872	-232.566	-3.13382
315.835	-234.183	-3.13522
316.08	-236.027	-3.13455
316.308	-238.263	-3.13458
315.841	-239.841	-3.13647
316.341	-241.805	-3.13779
316.198	-243.546	-3.14084
316.054	-245.113	-3.14349
316.38	-246.782	-3.14603
316.332	-248.647	-3.14869
316.197	-250.387	-3.14912
316.241	-252.753	-3.15282
315.527	-254.835	-3.15405
314.745	-256.833	-3.15486
314.234	-258.714	-3.15719
314.296	-260.94	-3.15835
313.713	-262.562	-3.15946
313.809	-264.001	-3.16345
313.165	-265.714	-3.16475
312.993	-267.08	-3.16678
313.05	-268.589	-3.16923
312.688	-269.989	-3.17085
312.528	-271.437	-3.17376
312.159	-273.188	-3.177
312.125	-274.857	-3.17841
311.656	-276.052	-3.18282
311.6	-277.732	-3.18357
311.343	-279.33	-3.18764
311.065	-281.232	-3.18673
310.381	-282.799	-3.19066
310.226	-284.196	-3.193
309.703	-285.587	-3.19584
309.303	-286.687	-3.19808
308.888	-288.161	-3.19996
308.83	-289.885	-3.19832
306.91	-291.143	-3.20354
306.735	-292.597	-3.20304
306.805	-294.266	-3.20653
305.96	-295.855	-3.20388
305.912	-297.053	-3.20653
305.488	-298.386	-3.20758
305.148	-299.992	-3.21097
304.736	-301.196	-3.21117
304.063	-302.713	-3.21463
303.02	-304.446	-3.21557
303.004	-305.526	-3.21571
303.325	-306.264	-3.21662
303.194	-307.547	-3.21715
302.706	-308.033	-3.21827
302.631	-309.045	-3.21964
302.652	-309.781	-3.22019
302.534	-310.608	-3.21952
301.92	-311.197	-3.22032
301.324	-312.103	-3.22345
301.517	-312.621	-3.22463
301.551	-312.838	-3.2254
301.677	-313.412	-3.22587
300.445	-314.19	-3.22883
300.375	-314.955	-3.22881
300.211	-315.354	-3.23227
300.546	-316.013	-3.23292
300.003	-316.297	-3.23667
299.444	-317.005	-3.23878
299.319	-317.366	-3.24183
300.565	-317.452	-3.24199
300.544	-317.195	-3.25122
301.135	-317.254	-3.25294
302.222	-316.964	-3.25613
302.515	-317.257	-3.26154
302.115	-317.357	-3.26769
301.867	-318.217	-3.27502
301.865	-318.964	-3.27871
301.861	-319.65	-3.28283
301.577	-320.35	-3.28935
301.626	-320.827	-3.2954
301.117	-321.399	-3.30179
300.989	-321.92	-3.30698
302.424	-321.993	-3.31205
302.162	-322.966	-3.32752
301.589	-323.287	-3.33573
302.215	-323.328	-3.3414
303.394	-323.576	-3.34459
303.042	-324.149	-3.35481
303.535	-324.246	-3.36064
303.773	-324.912	-3.36827
304.001	-325.217	-3.37624
303.633	-326.522	-3.38177
303.136	-327.878	-3.38938
302.625	-329.234	-3.39862
302.517	-330.527	-3.40401
302.827	-330.816	-3.41129
302.239	-331.649	-3.41846
302.077	-331.737	-3.42684
301	-331.897	-3.43839
301.017	-331.795	-3.44745
300.794	-331.646	-3.45416
300.159	-331.482	-3.46168
299.505	-331.927	-3.47279
299.358	-331.548	-3.47702
299.406	-331.533	-3.47941
298.199	-332.121	-3.50387
298.189	-332.135	-3.50101
297.718	-332.368	-3.51437
297.355	-332.41	-3.52295
296.726	-332.517	-3.53539
296.541	-332.758	-3.5413
296.03	-333.431	-3.55328
295.952	-334.141	-3.56464
296.113	-335.32	-3.57457
295.656	-335.668	-3.58886
294.687	-335.599	-3.60343
294.194	-335.642	-3.62044
293.543	-336.854	-3.63044
292.738	-336.929	-3.64763
292.383	-337.578	-3.65972
292.266	-337.927	-3.67565
291.625	-338.064	-3.68506
290.841	-338.203	-3.70186
290.989	-338.737	-3.71554
289.926	-338.995	-3.7319
289.613	-339.099	-3.75102
288.802	-339.817	-3.76755
288.914	-340.212	-3.78026
288.135	-340.71	-3.79726
287.416	-341.284	-3.81322
286.876	-341.573	-3.82381
286.147	-341.79	-3.84022
285.806	-342.45	-3.85229
285.499	-342.887	-3.86403
285.278	-343.523	-3.87856
284.309	-343.786	-3.89497
283.438	-344.49	-3.90664
283.952	-344.693	-3.92381
282.455	-345.201	-3.93826
282.194	-345.318	-3.95058
281.526	-346.093	-3.96579
280.117	-346.595	-3.97796
279.313	-347.107	-3.98413
279.49	-346.889	-3.9903
278.659	-347.54	-4.00391
278.386	-347.684	-4.0166
277.379	-348.436	-4.0286
276.761	-348.887	-4.04466
275.631	-349.167	-4.05526
275.238	-349.678	-4.06611
274.116	-350.215	-4.0818
273.177	-350.539	-4.093
273.052	-350.467	-4.10519
272.314	-350.957	-4.11575
271.168	-351.393	-4.12954
270.94	-351.491	-4.13867
270.021	-351.915	-4.15008
269.41	-352.17	-4.15939
268.902	-352.834	-4.17066
268.294	-352.999	-4.17827
267.882	-353.551	-4.18768
267.188	-353.705	-4.19591
266.841	-354.335	-4.20647
266.032	-354.663	-4.21584
265.67	-355.023	-4.22436
264.887	-355.337	-4.23323
264.607	-355.806	-4.24177
264.04	-356.336	-4.25072
263.705	-356.412	-4.25635
262.789	-356.452	-4.26299
261.888	-357.073	-4.2709
261.314	-357.488	-4.27985
260.309	-357.905	-4.289
259.391	-358.692	-4.29737
257.611	-358.772	-4.31275
256.793	-359.438	-4.32192
255.597	-359.567	-4.3296
254.598	-360.285	-4.33877
253.088	-359.919	-4.34429
252.186	-360.135	-4.35166
251.084	-360.484	-4.35842
250.018	-360.872	-4.36526
248.963	-361.54	-4.37204
247.693	-361.838	-4.37865
247.025	-362.302	-4.38511
244.178	-362.62	-4.39708
243.244	-362.706	-4.40322
242.62	-362.906	-4.408
241.111	-362.598	-4.41316
240.11	-362.748	-4.41853
238.981	-362.54	-4.42419
237.52	-362.754	-4.42994
236.225	-363.078	-4.4365
235.391	-363.688	-4.44146
233.979	-363.806	-4.4475
232.631	-363.911	-4.4535
231.247	-364.018	-4.45827
230.052	-364.634	-4.46402
228.399	-364.45	-4.46857
227.077	-364.607	-4.47216
226.179	-365.281	-4.47764
224.245	-365.27	-4.48079
222.665	-365.265	-4.48488
221.027	-365.739	-4.48762
219.415	-365.524	-4.48935
217.763	-365.803	-4.49205
216.397	-366.262	-4.49574
215.42	-366.633	-4.49654
213.657	-366.624	-4.49823
211.76	-366.831	-4.50082
211.004	-367.779	-4.50299
209.931	-368.098	-4.50407
208.095	-368.409	-4.50708
206.377	-368.117	-4.50782
204.712	-369.091	-4.51173
203.473	-368.614	-4.51241
201.816	-369.142	-4.51401
200.282	-369.008	-4.51521
199.063	-369.98	-4.51802
197.747	-369.839	-4.51954
196.083	-370.57	-4.52279
194.548	-370.599	-4.52461
192.874	-371.167	-4.52705
191.534	-371.563	-4.52859
189.645	-371.323	-4.52976
187.895	-372.082	-4.53277
186.78	-372.433	-4.53531
185.41	-372.931	-4.53696
183.186	-372.827	-4.53941
181.78	-373.412	-4.54149
180.14	-373.829	-4.54285
177.997	-373.478	-4.5446
176.849	-374.046	-4.54734
174.881	-374.408	-4.54934
173.755	-374.468	-4.55327
171.422	-374.896	-4.55716
169.304	-374.439	-4.5575
168.494	-375.463	-4.56328
166.594	-375.456	-4.56539
165.265	-375.871	-4.56896
163.423	-376.136	-4.57213
162.446	-376.23	-4.57592
160.259	-376.251	-4.57955
158.461	-376.118	-4.58387
157.066	-376.592	-4.5865
156.185	-376.282	-4.5911
156.16	-376.449	-4.59066
153.948	-376.7	-4.59272
152.634	-377.208	-4.59679
151.332	-377.565	-4.60161
150.143	-377.7	-4.60579
148.194	-377.867	-4.6075
146.885	-378.25	-4.61266
145.137	-378.349	-4.61674
143.359	-378.179	-4.61731
142.489	-378.786	-4.62196
140.636	-379.053	-4.62569
139.25	-379.446	-4.62814
137.475	-379.34	-4.6324
135.977	-379.612	-4.63528
134.681	-379.754	-4.63708
133.235	-380.089	-4.64222
131.865	-379.998	-4.64589
130.333	-379.927	-4.64868
129.433	-380.031	-4.65127
128.263	-380.332	-4.65556
126.895	-380.32	-4.65988
124.869	-380.22	-4.66051
123.738	-379.951	-4.66459
122.009	-380.309	-4.66874
121.11	-380.734	-4.67338
119.548	-380.437	-4.67647
118.115	-380.858	-4.68147
116.911	-380.809	-4.68399
115.539	-380.725	-4.68904
114.631	-380.811	-4.69309
112.985	-380.864	-4.69765
111.982	-380.738	-4.7018
111.983	-380.735	-4.70369
109.042	-380.657	-4.71048
108.693	-380.652	-4.71483
108.261	-380.314	-4.71524
106.462	-380.519	-4.71804
105.295	-380.731	-4.7228
103.98	-381.105	-4.72744
102.864	-381.007	-4.73057
101.226	-381.24	-4.73662
99.4781	-380.762	-4.7385
94.9916	-381.442	-4.75279
94.9916	-381.442	-4.75279
91.627	-380.998	-4.7615
91.5927	-380.985	-4.76335
88.6009	-380.887	-4.77068
88.6022	-380.661	-4.77138
88.6022	-380.661	-4.77138
85.5216	-380.369	-4.77982
84.0046	-380.398	-4.78337
82.563	-380.34	-4.78929
81.3193	-380.664	-4.79318
79.7944	-380.252	-4.79875
79.7944	-380.252	-4.79875
78.0951	-380.371	-4.80459
76.9305	-380.389	-4.80803
74.305	-380.774	-4.81892
73.827	-380.366	-4.81829
72.0088	-380.375	-4.82146
70.516	-380.271	-4.82705
69.048	-380.106	-4.83175
67.1825	-380.111	-4.83605
65.3445	-379.837	-4.83893
63.7302	-379.602	-4.84389
62.4346	-379.353	-4.84813
60.8761	-379.069	-4.85092
59.1389	-378.692	-4.85256
57.6344	-378.567	-4.85488
55.8367	-378.343	-4.85873
54.5218	-378.044	-4.86228
53.1466	-378.087	-4.86405
51.6351	-377.575	-4.86716
50.1389	-376.977	-4.8709
48.6867	-377.022	-4.87217
47.2219	-376.45	-4.87603
45.3117	-376.234	-4.87899
44.1967	-375.821	-4.88085
42.6565	-375.506	-4.88489
41.4366	-375.146	-4.89068
39.7826	-374.991	-4.89595
38.4519	-374.993	-4.89865
36.8516	-374.686	-4.90415
35.7752	-374.838	-4.90808
34.4592	-374.649	-4.91453
32.9557	-373.95	-4.92061
31.374	-373.861	-4.92485
30.4595	-373.801	-4.93183
29.0626	-373.24	-4.93879
27.7596	-373.162	-4.94451
26.2142	-372.91	-4.94952
24.6808	-372.061	-4.9563
23.2981	-371.921	-4.96325
21.7234	-371.587	-4.96975
20.4747	-371.367	-4.97677
19.0088	-370.753	-4.98365
17.5946	-370.728	-4.99264
16.355	-369.959	-4.99974
14.7338	-369.517	-5.00867
13.2399	-369.208	-5.01806
11.9373	-369.085	-5.02567
10.7057	-368.754	-5.03527
9.68631	-368.195	-5.04267
8.37787	-367.959	-5.05282
6.89309	-367.258	-5.0619
5.70863	-366.853	-5.06988
4.44017	-366.678	-5.08009
3.41877	-366.479	-5.08891
1.96486	-366.022	-5.10028
0.660633	-365.171	-5.10984
-0.0334576	-365.059	-5.11834
-1.35385	-364.611	-5.12789
-2.92471	-363.911	-5.13789
-4.12342	-363.224	-5.14513
-4.94008	-363.13	-5.15717
-6.492	-362.335	-5.16704
-7.01494	-362.228	-5.17549
-8.33454	-361.457	-5.18363
-9.46881	-360.886	-5.19224
-10.311	-360.247	-5.19985
-11.082	-359.803	-5.20819
-12.061	-359.155	-5.21608
-13.4037	-358.187	-5.22416
-14.1828	-357.571	-5.23305
-15.3286	-356.905	-5.24086
-15.8385	-356.374	-5.25057
-16.6604	-355.562	-5.25851
-17.9481	-354.947	-5.26915
-19.424	-354.029	-5.27751
-20.1882	-353.275	-5.28602
-21.1709	-352.546	-5.29674
-21.9829	-351.885	-5.30679
-23.2572	-351.215	-5.31677
-24.1796	-350.504	-5.32782
-24.8362	-349.954	-5.33683
-25.6687	-349.403	-5.34726
-26.7671	-348.861	-5.35848
-27.1947	-348.436	-5.36772
-28.8944	-347.091	-5.38029
-29.118	-346.952	-5.38996
-30.9922	-345.434	-5.40185
-31.7059	-345.179	-5.41228
-32.8393	-344.236	-5.42337
-33.8782	-343.579	-5.43407
-34.6361	-342.681	-5.44418
-34.8748	-342.496	-5.45261
-36.3012	-341.422	-5.46565
-37.5496	-340.581	-5.47649
-38.5397	-339.724	-5.48797
-38.787	-339.363	-5.49743
-39.9415	-338.463	-5.50817
-40.8409	-337.735	-5.51879
-41.9124	-336.771	-5.52961
-42.9507	-335.904	-5.54128
-43.3282	-335.293	-5.55169
-43.4994	-334.862	-5.55997
-44.4835	-333.759	-5.57191
-45.0869	-333.157	-5.58216
-46.3874	-331.67	-5.59275
-47.0578	-331.316	-5.60222
-47.6503	-330.536	-5.61015
-48.5166	-329.865	-5.62041
-49.0925	-328.866	-5.62802
-49.6906	-327.938	-5.63691
-50.1348	-327.215	-5.64724
-50.1871	-326.47	-5.65465
-51.0767	-325.9	-5.6631
-51.2661	-325.506	-5.66722
-51.6099	-324.623	-5.67519
-52.4773	-323.221	-5.68377
-52.7351	-322.464	-5.69015
-53.2306	-321.522	-5.69707
-53.9103	-320.528	-5.70203
-54.4889	-319.542	-5.70763
-55.6965	-318.83	-5.71432
-56.3006	-317.407	-5.72148
-57.0122	-316.448	-5.72762
-57.693	-315.018	-5.73257
-58.7642	-313.987	-5.7377
-59.2146	-312.824	-5.74002
-59.8656	-311.721	-5.74483
-60.3012	-310.876	-5.74622
-61.6135	-309.549	-5.75203
-62.3505	-308.055	-5.75646
-63.1296	-306.834	-5.75878
-63.8268	-305.868	-5.76212
-64.6341	-304.256	-5.76683
-65.3259	-303.173	-5.76727
-65.8847	-302.169	-5.77238
-66.9725	-300.162	-5.77706
-67.3919	-299.319	-5.77832
-68.7363	-297.335	-5.78624
-69.2851	-296.262	-5.78789
-69.6293	-295.397	-5.79032
-70.6765	-294.287	-5.79427
-71.5488	-292.966	-5.79919
-72.0191	-291.542	-5.80121
-72.61	-290.345	-5.8073
-73.3932	-289.387	-5.8114
-73.7651	-287.744	-5.81398
-74.2441	-286.69	-5.81769
-75.0813	-284.914	-5.82299
-75.6518	-283.517	-5.82642
-76.1258	-282.167	-5.83256
-76.552	-280.756	-5.83413
-77.1089	-279.784	-5.84097
-78.2807	-278.429	-5.84565
-78.7379	-277.235	-5.85047
-79.5694	-276.334	-5.85636
-79.9247	-275.311	-5.86005
-80.5953	-273.942	-5.86634
-81.0663	-273.134	-5.8715
-81.7776	-271.804	-5.87796
-81.8236	-270.672	-5.88231
-82.8265	-269.888	-5.89009
-82.9875	-268.292	-5.89307
-83.0828	-268.183	-5.8985
-84.4122	-265.947	-5.90296
-84.6275	-264.889	-5.91063
-84.8031	-263.971	-5.91476
-84.8418	-262.894	-5.91815
-85.5417	-261.984	-5.92432
-85.289	-261.104	-5.92856
-85.8033	-259.901	-5.93389
-86.2324	-258.61	-5.94012
-85.9445	-257.479	-5.94145
-86.6921	-256.576	-5.94837
-86.476	-255.831	-5.95061
-87.068	-254.124	-5.95481
-86.7962	-254.073	-5.96039
-87.6682	-252.472	-5.96537
-87.8221	-251.281	-5.96791
-88.2632	-250.383	-5.97453
-88.1946	-249.832	-5.97797
-88.7313	-248.647	-5.98538
-89.0285	-247.847	-5.98919
-89.5819	-246.218	-5.99564
-89.8342	-245.015	-6.00332
-89.777	-244.805	-6.00914
-90.6347	-242.996	-6.01488
-91.3181	-242.265	-6.02132
-91.0897	-241.689	-6.02748
-91.6929	-239.592	-6.03516
-91.6274	-238.637	-6.04205
-92.0439	-237.197	-6.0503
-92.8955	-235.845	-6.05867
-93.0586	-234.571	-6.06782
-97.3262	-222.04	-6.16269
-97.5806	-220.399	-6.17191
-97.7712	-218.984	-6.17878
-98.1558	-217.751	-6.18743
-98.2737	-216.899	-6.19537
-98.5264	-215.628	-6.19993
-98.9143	-214.693	-6.2053
-99.2272	-213.835	-6.21406
-98.9637	-212.249	-6.21822
-99.0022	-212.409	-6.21685
-99.414	-209.793	-6.22705
-99.414	-209.793	-6.22705
-99.5289	-207.242	-6.23356
-100.105	-206.601	-6.23993
-100.105	-206.601	-6.23993
-100.153	-204.703	-6.24465
-100.158	-204.724	-6.24306
-100.557	-202.853	-6.25163
-100.557	-202.853	-6.25163
-100.797	-201.182	-6.25532
-100.961	-199.924	-6.25617
-100.968	-196.511	-6.25875
-101.08	-195.57	-6.25784
-100.872	-194.324	-6.25959
-100.872	-194.324	-6.25959
-101.068	-193.134	-6.25958
-101.754	-190.751	-6.26135
-101.871	-189.467	-6.26197
-101.871	-189.467	-6.26197
-102.152	-186.467	-6.25996
-102.219	-185.019	-6.26061
-102.543	-184.002	-6.25741
-102.543	-184.002	-6.25741
-102.859	-181.066	-6.25881
-103.204	-179.373	-6.26054
-103.331	-178.173	-6.25829
-103.483	-176.604	-6.25847
-103.386	-175.053	-6.25808
-103.386	-175.053	-6.25808
-103.553	-173.399	-6.25722
-103.743	-170.015	-6.25786
-103.751	-170.006	-6.25586
-103.638	-166.658	-6.25674
-103.842	-165.389	-6.25831
-104.116	-164.406	-6.25946
-104.073	-162.6	-6.25949
-103.913	-160.648	-6.25979
-103.913	-160.648	-6.25979
-104.307	-157.872	-6.26118
-104.312	-157.933	-6.26005
-104.533	-156.715	-6.2608
-104.593	-154.106	-6.26752
-104.775	-153.051	-6.26845
-104.863	-151.855	-6.26757
-104.806	-150.803	-6.26964
-104.806	-150.803	-6.26964
-105.15	-148.065	-6.27601
-105.144	-146.061	-6.27711
-105.154	-144.519	-6.28317
-105.154	-144.519	-6.28317
-105.357	-144.741	-6.28324
-105.001	-143.282	-6.28419
-105.2	-141.472	-6.28857
-105.122	-141.44	-6.2909
-105.434	-140.961	-6.29523
-105.036	-139.874	-6.30098
-105.239	-138.818	-6.30644
-104.995	-137.009	-6.3092
-105.055	-137.361	-6.31435
-104.992	-135.796	-6.31889
-104.602	-137.482	-6.32044
-104.239	-137.048	-6.32499
-104.139	-137.36	-6.33288
-104.326	-136.409	-6.34058
-103.957	-135.876	-6.33986
-104.136	-135.26	-6.3489
-104.206	-137.081	-6.34821
-104.266	-133.439	-6.35439
-104.168	-131.36	-6.35478
-105.174	-133.088	-6.36024
-104.863	-130.258	-6.36296
-104.832	-129.686	-6.36268
-105.584	-128.847	-6.36869
-105.802	-127.655	-6.37233
-106.179	-127.826	-6.3723
-106.024	-125.865	-6.3721
-106.777	-125.232	-6.37594
-105.942	-122.628	-6.37202
-106.737	-122.992	-6.3728
-106.588	-120.198	-6.37849
-106.807	-119.714	-6.37976
-107.424	-118.961	-6.37668
-107.049	-118.473	-6.37676
-106.678	-116.945	-6.3718
-106.322	-116.039	-6.37433
-106.147	-114.958	-6.37088
-105.802	-114.085	-6.36977
-105.436	-113.124	-6.36751
-105.534	-113.687	-6.36531
-104.933	-113.286	-6.363
-104.738	-111.565	-6.36164
-104.668	-109.673	-6.36063
-104.82	-108.959	-6.35885
-104.487	-108.784	-6.35618
-104.23	-106.768	-6.35229
-104.198	-105.673	-6.35171
-104.805	-106.545	-6.35126
-105.107	-104.344	-6.35031
-104.415	-101.145	-6.34653
-104.429	-98.6307	-6.34643
-105.949	-100.54	-6.34755
-105.995	-99.0353	-6.34429
-105.845	-96.4258	-6.34117
-106.7	-95.4341	-6.34214
-107.316	-94.3918	-6.34119
-106.46	-90.9785	-6.33728
-106.996	-90.2296	-6.33525
-107.784	-89.265	-6.33537
-107.759	-87.2517	-6.33443
-107.884	-85.4046	-6.3331
-107.93	-84.2464	-6.32738
-108.838	-83.3488	-6.32815
-108.859	-81.819	-6.32637
-109.18	-80.059	-6.3239
-108.389	-77.695	-6.32122
-108.541	-77.1261	-6.317
-107.843	-74.9735	-6.31457
-109.018	-74.3895	-6.31498
-108.342	-72.0395	-6.31307
-108.544	-70.4318	-6.30956
-108.023	-69.5417	-6.30815
-107.383	-67.9645	-6.30651
-108.085	-66.3217	-6.30686
-108.324	-64.7584	-6.30671
-109.236	-63.6823	-6.30731
-109.699	-61.832	-6.3092
-109.522	-59.8874	-6.30705
-110.023	-58.3312	-6.30714
-110.115	-56.4315	-6.30749
-108.602	-54.834	-6.30483
-110.401	-53.2898	-6.30719
-108.883	-51.8906	-6.30525
-110.167	-49.9909	-6.30731
-111.12	-48.412	-6.31007
-111.091	-46.8934	-6.30996
-111.221	-45.206	-6.31123
-108.954	-43.8552	-6.30767
-111.318	-41.8243	-6.31161
-111.261	-40.4143	-6.31094
-112.358	-38.8111	-6.31119
-111.691	-37.3559	-6.31112
-112.235	-35.5696	-6.31156
-111.445	-34.3991	-6.30901
-110.667	-33.1365	-6.30697
-111.586	-31.6644	-6.30825
-112.006	-29.8994	-6.30774
-111.334	-29.1581	-6.30719
-113.045	-27.0945	-6.30963
-112.656	-26.0143	-6.30824
-113.368	-24.7783	-6.30899
-113.74	-23.6319	-6.30811
-112.326	-22.6017	-6.30657
-113.41	-20.7603	-6.30806
-113.363	-19.7525	-6.30704
-113.516	-19.3871	-6.3067
-113.426	-18.5497	-6.30519
-113.244	-17.5111	-6.30649
-112.996	-16.9851	-6.30417
-112.93	-16.3008	-6.308
-112.505	-15.147	-6.30503
-113.044	-13.9413	-6.30472
-112.719	-13.4857	-6.30611
-113.194	-12.2488	-6.30548
-112.859	-11.9095	-6.30538
-113.104	-11.1212	-6.30606
-112.661	-10.8228	-6.30686
-112.385	-10.4291	-6.30579
-112.501	-9.36778	-6.30741
-112.779	-8.60473	-6.30723
-112.279	-8.4118	-6.30612
-111.974	-8.43949	-6.30738
-111.78	-7.56809	-6.30745
-111.726	-7.09065	-6.30872
-111.77	-7.02169	-6.30986
-111.656	-6.38766	-6.30922
-111.78	-5.70672	-6.30984
-111.491	-5.34992	-6.31136
-111.672	-4.69042	-6.31238
-111.488	-5.0281	-6.31521
-111.656	-4.28159	-6.31603
-111.4	-3.69833	-6.31613
-111.187	-3.38687	-6.31607
-111.264	-3.11905	-6.31661
-111.228	-2.76572	-6.31699
-111.133	-2.32508	-6.31482
-111.448	-1.63095	-6.31727
-111.732	-0.585477	-6.31768
-111.393	-0.395256	-6.31645
-111.016	-1.26165	-6.31614
-110.823	-1.05881	-6.31671
-111.461	-0.568555	-6.31727
-111.511	-0.387079	-6.31682
-111.077	-0.907534	-6.31572
-110.797	-0.860227	-6.31636
-110.773	-0.804619	-6.31505
-110.834	-0.539399	-6.3152
-110.333	-0.593297	-6.31551
-109.869	-0.83167	-6.31519
-109.745	-1.45213	-6.3145
-109.691	-1.65034	-6.31467
-109.911	-0.852318	-6.31548
-109.648	-1.182	-6.31455
-109.644	-0.524771	-6.31448
-109.677	-1.11452	-6.31505
-109.453	-0.306402	-6.31429
-109.657	-0.24355	-6.31467
-109.946	0.432507	-6.31726
-109.946	0.432507	-6.31726
-109.575	-0.460149	-6.31773
-109.575	-0.460149	-6.31773
-109.807	0.793948	-6.31767
-109.901	1.12177	-6.31734
-109.855	0.753356	-6.31914
-109.855	0.753356	-6.31914
-110.114	1.35373	-6.32275
-110.125	2.14819	-6.32193
-110.077	2.76373	-6.32256
-109.769	2.94933	-6.32274
-110.039	4.20985	-6.32412
-110.039	4.20985	-6.32412
-110.171	3.91227	-6.32665
-110.267	4.7918	-6.32922
-110.559	5.15532	-6.33008
-110.317	5.02594	-6.32972
-110.176	4.85616	-6.32894
-109.949	4.95274	-6.32864
-110.198	5.17003	-6.32978
-110.24	5.66285	-6.32906
-110.115	5.87099	-6.32885
-110.115	5.87099	-6.32885
-110.084	5.7869	-6.32891
-110.055	5.91495	-6.32897
-110.116	6.15186	-6.3284
-110.215	5.68337	-6.32941
-110.215	5.68337	-6.32941
-109.982	6.07819	-6.32785
-110.052	5.60162	-6.3294
-110.146	5.7177	-6.33029
-110.106	5.74837	-6.33029
-109.996	6.1078	-6.33024
-110.086	6.05905	-6.32996
-109.995	5.89836	-6.33017
-109.955	6.02023	-6.32991
-110.112	6.22583	-6.33028
-109.987	6.135	-6.33
-110.028	6.44773	-6.32993
-110.095	6.50443	-6.32861
-110.078	6.58345	-6.32911
-110.153	6.41848	-6.3288
-110.179	6.54859	-6.329
-110.227	6.90025	-6.32947
-110.226	6.77876	-6.3293
-110.11	6.66688	-6.3292
-110.155	6.62709	-6.32914
-110.096	6.68164	-6.32913
-110.137	7.04088	-6.32908
-109.998	6.80015	-6.32921
-110.013	6.96551	-6.32947
-110.142	6.95854	-6.32939
-110.153	6.6608	-6.32956
-110.149	7.06244	-6.32968
-110.13	7.11948	-6.32988
-110.063	7.12314	-6.33114
-110.221	7.08496	-6.33105
-109.982	7.2081	-6.33039
-109.924	6.78074	-6.33131
-110.022	7.07607	-6.32952
-109.942	6.95994	-6.32902
-109.88	7.1673	-6.33134
-110.072	7.07078	-6.32931
-109.894	7.05785	-6.32919
-109.942	7.06157	-6.32922
-109.879	6.76001	-6.33148
-109.864	6.99098	-6.33142
-109.905	7.07969	-6.33057
-109.991	7.04336	-6.33163
-109.943	6.95957	-6.32927
-109.822	6.97455	-6.33133
-109.893	6.75465	-6.3313
-109.953	6.7191	-6.33168
-109.947	7.08195	-6.33148
-109.82	6.83357	-6.32913
-109.899	6.96224	-6.33134
-109.901	6.79893	-6.33141
-110.015	7.1529	-6.32993
-109.859	6.98594	-6.33132
-109.805	7.24159	-6.32985
-109.959	7.23741	-6.32965
-109.924	7.15751	-6.33085
-109.916	6.79672	-6.33122
-109.948	6.83425	-6.33012
-109.751	7.10158	-6.3304
-109.989	7.17262	-6.32933
-109.991	7.18462	-6.32965
-109.755	7.05839	-6.33041
-109.759	7.21682	-6.32946
-109.904	7.20993	-6.32935
-110.003	7.20957	-6.32967
-109.958	7.60992	-6.33
-109.946	7.1977	-6.32947
-109.975	7.64204	-6.33002
-109.833	7.19325	-6.33036
-109.896	7.13884	-6.32988
-109.828	7.16004	-6.33044
-109.979	7.24728	-6.32968
-109.91	7.37654	-6.3304
-109.815	7.24835	-6.3296
-109.883	7.22706	-6.33004
-109.864	7.29525	-6.32959
-109.886	7.12097	-6.33071
-109.763	7.05369	-6.32996
-109.893	7.20715	-6.33016
-109.915	7.2209	-6.3294
-109.915	7.17602	-6.32959
-109.855	7.01425	-6.32995
-109.936	7.35639	-6.32954
-109.821	7.15896	-6.33031
-109.851	7.09297	-6.33049
-109.878	7.18644	-6.32955
-109.89	7.20495	-6.33034
-109.782	7.08067	-6.32981
-109.973	7.36301	-6.32965
-109.941	7.3545	-6.33018
-109.888	7.38497	-6.32959
-109.913	7.27549	-6.33046
-109.829	7.29629	-6.32975
-109.845	7.34109	-6.33045
-109.839	7.28752	-6.32979
-109.848	7.21026	-6.32971
-109.863	7.34235	-6.32938
-109.863	7.27257	-6.3298
-109.753	7.00616	-6.32982
-109.824	7.36537	-6.32941
-109.89	7.45276	-6.32986
-109.829	7.12022	-6.32973
-109.925	7.2754	-6.33006
-109.917	7.28387	-6.32952
-109.847	7.2926	-6.32981
-109.868	7.33328	-6.32936
-109.876	7.09979	-6.33059
-109.838	7.36508	-6.33035
-109.824	7.18461	-6.3296
-109.852	7.22532	-6.32969
-109.912	7.44139	-6.32977
-109.948	7.47446	-6.33032
-109.85	7.30493	-6.32973
-109.922	7.19394	-6.33025
-109.844	7.23116	-6.32987
-109.979	7.22637	-6.32989
-109.791	7.26514	-6.33023
-109.886	7.373	-6.32996
-109.837	7.27218	-6.32986
-109.863	7.22877	-6.33023
-109.939	7.5988	-6.33014
-109.91	7.32842	-6.32968
-109.836	7.30733	-6.32979
-109.862	7.35143	-6.32989
-109.93	7.37765	-6.33028
-109.864	7.25872	-6.33026
-109.809	7.25378	-6.33037
-109.865	7.43038	-6.32997
-109.934	7.35689	-6.33029
-109.864	7.14411	-6.33036
-109.876	7.38515	-6.33033
-109.826	7.45944	-6.32999
-109.878	7.4301	-6.33032
-109.886	7.20232	-6.33037
-109.87	7.53308	-6.33039
-109.939	7.34806	-6.32995
-109.857	7.40085	-6.33047
-109.855	7.32836	-6.33049
-109.889	7.49972	-6.33037
-109.908	7.37998	-6.33035
-109.718	7.88659	-6.33035
-109.789	7.84454	-6.33053
-109.731	7.72767	-6.33055
-109.782	7.82482	-6.33034
-109.775	7.9922	-6.32996
-109.954	7.814	-6.33066
-109.813	7.79026	-6.3305
-109.83	7.82494	-6.33114
-109.861	7.8037	-6.33066
-109.913	7.81448	-6.33077
-109.803	8.26496	-6.33001
-109.815	7.94677	-6.33053
-109.931	8.19443	-6.33057
-109.776	7.77675	-6.3306
-109.936	7.75592	-6.33132
-109.834	8.01867	-6.3301
-109.868	8.25077	-6.33043
-109.91	8.07119	-6.33088
-109.772	7.92598	-6.33013
-109.754	7.70717	-6.3309
-109.932	7.69215	-6.33138
-109.906	8.21684	-6.33073
-109.849	7.92984	-6.33064
-109.84	8.26583	-6.33013
-109.866	8.14326	-6.33058
-109.939	7.6563	-6.33148
-109.802	7.80524	-6.33068
-109.811	7.86942	-6.33108
-109.871	7.80315	-6.33135
-109.871	7.80315	-6.33135
-109.922	8.12878	-6.33077
-109.836	8.27491	-6.32999
-109.861	7.3222	-6.33188
-109.922	7.69097	-6.33129
-109.854	8.11709	-6.33063
-109.891	8.08848	-6.33084
-109.758	7.80601	-6.33066
-109.825	7.76136	-6.33068
-109.836	7.99996	-6.33086
-109.932	7.8757	-6.33129
-109.756	7.8112	-6.33111
-109.827	7.94796	-6.33084
-109.943	7.38049	-6.3322
-109.923	8.09852	-6.33095
-109.923	8.09852	-6.33095
-109.898	7.68059	-6.33132
-109.887	8.09736	-6.33084
-109.902	8.3391	-6.33058
-109.829	8.26498	-6.33046
-109.933	8.23757	-6.33073
-109.82	7.6083	-6.3319
-109.831	8.35442	-6.33054
-109.835	8.32981	-6.33064
-109.995	8.3511	-6.33081
-109.918	8.11219	-6.33092
-109.859	8.09428	-6.33075
-109.939	8.28293	-6.33084
-109.933	7.69067	-6.33217
-109.887	8.08875	-6.33091
-109.919	8.04543	-6.33103
-109.938	7.44272	-6.3324
-109.881	8.08823	-6.33082
-109.951	8.30492	-6.33068
-109.835	8.35376	-6.3307
-109.799	8.33755	-6.33054
-109.974	8.10823	-6.33114
-109.887	8.14376	-6.33083
-109.923	8.24566	-6.33079
-109.869	8.26957	-6.33064
-109.885	7.65456	-6.33198
-109.868	7.3911	-6.33219
-109.873	8.25911	-6.33062
-109.902	8.19347	-6.33079
-109.857	8.31773	-6.33074
-109.793	8.37008	-6.33051
-109.869	8.0351	-6.33095
-109.885	8.22792	-6.33069
-109.818	7.49328	-6.33232
-109.896	7.41366	-6.33231
-109.896	7.41366	-6.33231
-109.931	8.15266	-6.33092
-109.931	8.15266	-6.33092
-109.919	7.7038	-6.33214
-109.88	7.88767	-6.33171
-109.88	7.88767	-6.33171
-109.91	7.70436	-6.3321
-109.78	7.48476	-6.33208
-109.78	7.48476	-6.33208
-109.782	7.6334	-6.33207
-109.884	7.70572	-6.33203
-109.884	7.70572	-6.33203
-109.836	8.15129	-6.33105
-109.93	7.73288	-6.33219
-109.839	7.48653	-6.33248
-109.906	7.55569	-6.33205
-109.906	7.55569	-6.33205
